5 21.766 21.766 21.766 0.31625505729 0.31625505729 0.31625505729
6 36.932 28.732 28.447 0.497162495113 0.404573671728 0.407955412537
7 58.956 38.273 38.805 0.734461365558 0.509336720544 0.507393755799
8 85.93 49.781 50.795 1.01253361639 0.652224221748 0.667654654547
9 121.276 64.996 64.912 1.35663564905 0.818288200807 0.85237832258
10 166.256 83.286 82.97 1.73989243624 1.04247924054 1.09055509279
11 216.584 104.015 100.543 2.18318511383 1.29608819901 1.35219398741
12 278.266 125.477 126.201 2.71745428698 1.63082404264 1.66277040039
13 349.684 153.887 148.441 3.26848085678 1.92394745375 2.06427802458
14 433.596 180.934 178.6 3.99355296062 2.44498580765 2.36938430441
15 529.754 212.457 208.203 4.55890942432 2.81698412323 2.8385833344
16 638.054 241.881 246.131 5.48079265911 3.31625909926 3.47367561256
17 769.09 282.404 282.598 6.44451423023 3.81429438109 3.93259757917
18 914.1 325.066 323.201 7.38076484449 4.54918506204 4.36204401938
19 1051.404 357.785 360.707 8.47179320239 5.06613249664 5.03245156159
20 1240.786 420.496 401.78 9.5732277155 5.74686039402 5.86880519991
21 1410.24 448.894 448.141 10.7504646826 6.45268827311 6.44755349455
22 1641.408 514.587 510.711 11.7458679948 7.15511118342 7.0206677214
23 1853.156 571.554 561.296 13.6328402763 7.98924997726 7.89087627024
24 2078.99 617.286 600.714 15.294770672 8.79668596051 8.76738862532
25 2369.772 684.528 669.854 16.6641335017 9.84428184791 9.21880583726
26 2612.958 733.329 704.728 18.7700022168 10.4315111649 10.1115318866
27 2926.812 794.676 779.418 19.8574444165 11.2362494778 11.1802006316
28 3241.33 865.605 832.456 21.6469871149 12.1703528488 12.0248494822
29 3551.09 918.085 895.842 24.0879880245 13.1367722276 12.9327670473
30 3942.618 1006.487 936.507 25.418205508 14.316170877 14.0425969992
31 4314.746 1042.523 1029.647 28.3250737914 15.3105092392 15.2186599279
32 4754.808 1097.986 1105.367 30.2244809779 16.8814464735 16.2061735265
33 5118.346 1135.446 1150.515 31.993577876 17.1812111069 16.9827754633
34 5653.76 1259.115 1202.861 34.0891292222 19.3440672743 17.9331305926
35 6132.272 1312.518 1284.471 37.045972549 19.4258100416 18.2898739922
36 6510.05 1333.249 1322.248 41.1052683313 20.3843026074 20.3881416715
37 6960.37 1365.803 1385.841 43.4829535606 21.423245544 21.9740662442
38 7579.562 1450.266 1464.733 46.5256134711 22.4587225697 22.9765367049
39 8150.652 1520.761 1521.463 48.9577584966 23.426024257 24.2333270264
40 8613.794 1525.354 1534.775 50.3189817215 24.3273091536 24.631312428
41 9111.662 1560.293 1621.63 55.181333196 25.898877756 26.6231144181
42 9755.308 1682.529 1663.032 57.3943069268 27.4644038464 27.051998958
43 10391.702 1710.78 1744.178 62.292409903 28.311352074 29.1932142813
44 11174.918 1826.601 1770.359 62.5404830273 30.326409958 29.0119240288
45 11767.504 1899.818 1828.94 67.7923121273 31.9587025009 30.384942869
46 12516.628 1937.579 1901.74 72.7473349365 32.8005928704 33.3979566427
47 13163.106 1990.265 1955.02 75.6049851699 34.6881134106 33.9049334775
48 13790.868 2005.527 1953.207 79.5841865783 36.6224492772 34.4607478923
49 14734.41 2073.246 2058.673 85.813361809 37.9535542178 36.2190003459
50 15238.462 2134.813 2087.235 88.3130569428 38.3486591642 37.6270664802
51 16090.89 2106.864 2145.677 90.9853854653 37.6650708889 38.6681816348
52 16845.134 2155.021 2202.615 93.7525753856 37.9239013929 41.3362205566
53 17696.898 2153.595 2188.427 100.523540306 39.1375458667 41.9309280293
54 18437.678 2243.684 2257.379 102.040910579 41.087115489 42.9360092026
55 19504.024 2291.386 2319.105 107.718411238 41.9482535629 43.1595675864
56 20073.678 2314.077 2392.628 116.516262813 42.9671543324 46.2067952529
57 21036.412 2451.675 2351.808 116.082322754 47.3416050525 47.593892105
58 21831.392 2346.316 2325.899 121.96346107 45.6878291438 46.4424375416
59 22588.484 2450.62 2342.95 126.087215211 47.9606341704 46.2207305809
60 23654.906 2515.542 2363.939 130.393838936 49.3867573347 46.772826412
61 24366.178 2472.586 2398.62 130.716531594 49.2652444317 48.1349137687
62 25386.018 2517.3 2412.733 136.960569162 49.6322635751 51.2095433004
63 26284.644 2440.375 2503.136 145.111802209 49.1099886924 52.3458140232
64 27139.46 2585.25 2510.862 147.510587124 52.7071106684 52.330559661
65 28200.316 2531.849 2558.261 148.745311038 49.4842885673 52.944323343
66 28892.536 2504.938 2435.021 161.624548802 50.7869597775 50.1872236927
67 29771.714 2506.091 2521.599 169.221399084 51.055636856 55.3212120502
68 30567.578 2537.894 2485.327 159.913378961 52.0588210163 54.4907112422
69 31629.862 2460.095 2494.444 177.339570802 52.173626127 55.4134005076
70 32357.096 2563.816 2503.434 171.84815291 55.1630261824 54.6884594704
71 33333.712 2539.541 2354.71 180.983532389 55.3762963055 52.8764532775
72 34415.378 2641.741 2538.786 179.825798458 56.5755126052 58.6452565202
73 35215.72 2641.619 2579.302 189.690131941 56.2957541007 57.3347651961
74 36335.122 2501.728 2450.929 194.897529549 56.8149421338 55.4400743669
75 37143.034 2577.659 2348.164 193.940403751 57.8106072363 54.9140103401
76 37986.41 2566.212 2448.493 196.834261699 58.8138554649 58.9623199605
77 38800.802 2574.436 2277.602 204.237530914 58.0221482849 55.6924970335
78 39693.496 2444.068 2435.247 209.581466492 55.4892312089 60.3444017686
79 40381.152 2546.203 2314.6 215.74523765 60.5020499805 56.4230493903
80 41699.07 2526.616 2397.589 220.97632897 59.2395883457 58.9891123128
81 42423.136 2623.672 2308.878 215.238679197 60.4724307871 58.0121617079
82 43058.6 2465.439 2286.704 226.702194124 55.9820930389 58.8169903917
83 43882.09 2557.472 2321.589 236.4394072 60.7523125708 57.1071566217
84 44199.006 2365.201 2288.432 230.799352055 57.3575276191 62.1111140124
85 45627.448 2458.376 2262.133 244.370482399 58.2845330548 56.7969977399
86 46045.742 2281.036 2135.405 237.675629938 57.62388337 55.2126709371
87 47163.576 2381.526 2200.82 237.765416134 58.1050280924 56.6358778184
88 47785.688 2295.882 2120.318 249.305353745 57.8353443591 54.7048047665
89 48301.65 2349.564 2131.625 241.600643394 59.5134339854 55.8386772251
90 49456.294 2258.749 2039.332 249.562211769 55.6221935239 52.7762606241
91 49706.402 2256.077 2038.987 255.504229095 55.2350697474 53.0834380973
92 50652.906 2257.879 2049.191 269.260443678 55.205123041 53.1510260304
93 50859.984 2181.432 2020.683 259.04673174 53.5034771154 54.4373405721
94 52325.976 2279.452 1953.258 266.665295971 52.9620775211 52.8631843318
95 52677.594 2130.532 1911.408 266.668399602 51.4386103974 51.0972865055
96 53347.676 2175.124 1842.42 264.970544424 52.9846234954 50.8413521131
97 54096.616 2124.386 1865.744 272.913383636 53.5975406653 48.9699528563
98 54286.96 2117.809 1795.169 268.877070375 51.3324391962 49.801753675
99 55008.474 2205.526 1853.519 273.735037308 53.9860622591 49.1086359591
100 55653.62 2141.574 1796.949 290.650362713 54.8501688561 50.7649622258
