5 21.362 21.362 21.362 0.325316441003 0.325316441003 0.325316441003
6 36.364 28.116 27.737 0.489018039179 0.388470659707 0.389010488496
7 58.562 38.414 37.778 0.720843791519 0.498070957474 0.494567804566
8 86.658 50.637 49.764 0.978038647291 0.647285261078 0.62783316134
9 124.116 66.404 66.195 1.34906431222 0.833619640907 0.838650290234
10 168.698 84.015 84.683 1.71199524641 1.05434454398 1.04344107657
11 216.716 102.569 102.723 2.17787200507 1.29564035246 1.34102894437
12 278.554 126.843 124.036 2.64742780033 1.57177887753 1.64993787732
13 357.932 157.135 154.29 3.38704760337 1.98687706098 2.07437772427
14 439.264 185.381 178.878 4.03408529262 2.43445114788 2.50344249791
15 542.78 220.13 214.627 4.71387019042 2.82597863673 2.89314087717
16 642.496 245.005 249.467 5.58403361518 3.22827209444 3.44959223642
17 778.49 291.364 287.662 6.33573811623 3.82943234123 3.93809323586
18 916.626 330.373 322.857 7.5102628564 4.60683305339 4.52599416418
19 1084.236 378.785 373.762 8.70100061577 5.20039795726 5.03913606169
20 1249.212 420.085 415.213 9.41928946737 5.7546394892 5.59034968858
21 1428.752 464.104 445.645 10.9918536809 6.48639348826 6.67915099642
22 1616.364 509.344 502.017 11.9925674139 6.88900239643 7.15130854634
23 1899.694 592.275 582.97 13.2739062431 8.14423783942 7.89057223718
24 2121.928 618.837 628.909 15.1770561655 9.08374057169 8.48127034504
25 2362.606 687.503 666.686 16.695349396 9.70784086011 9.51385846578
26 2717.596 768.389 754.532 18.0846027781 10.6383272974 10.2857107105
27 2978.928 803.457 799.132 20.1770825809 11.4128460607 11.0744121822
28 3350.044 883.33 889.807 22.0281477514 12.9067502223 12.5273292337
29 3662.746 950.354 935.189 24.0143308791 14.0069799804 12.7211022998
30 4067.314 988.343 1024.36 26.8206545952 14.8102412741 14.6557004594
31 4459.908 1071.58 1083.797 29.6185204271 15.0638525369 15.4192563133
32 4875.488 1134.172 1154.184 30.6241849943 16.1686411728 16.054921758
33 5271.752 1190.797 1209.374 31.963692655 17.4380718585 17.6055454717
34 5788.532 1268.526 1285.401 35.57409745 19.2785073117 19.2637555652
35 6280.766 1382.089 1355.906 40.1686772981 20.5747558347 19.6917742506
36 6744.688 1400.325 1414.678 40.8063611434 21.1156665713 20.9429717658
37 7298.736 1495.97 1460.089 44.1637127496 23.3794334193 20.9230319109
38 7823.974 1499.401 1529.934 46.699503798 22.7694767456 24.5487300647
39 8477.056 1641.317 1629.651 51.2262195602 24.3943227308 25.5698268521
40 9145.21 1700.114 1739.613 51.3230762724 25.4439064882 26.2691639038
41 9663.112 1728.327 1788.646 57.1871227679 26.6214726655 27.7570595532
42 10338.134 1809.161 1845.435 59.4464434065 28.2605323511 29.0146878302
43 11040.282 1881.532 1905.433 60.810717113 29.6343374303 29.831100987
44 11670.616 1962.514 1939.386 66.7403715433 31.8836504336 31.7686979773
45 12394.818 2018.414 2098.726 67.0622805185 31.3156078961 33.2621813421
46 13064.336 2125.683 2081.211 73.0376572083 35.1144071586 32.8365958117
47 13902.064 2148.904 2164.212 74.3296209088 33.9126414783 34.2084741659
48 14720.608 2243.419 2282.295 83.5691019524 38.2581727899 36.9327136196
49 15612.102 2273.475 2362.266 85.6251263582 37.28490023 39.0200227758
50 16274.198 2357.527 2374.931 88.8451811581 39.1897548622 40.0145332487
51 17165.168 2403.085 2413.404 94.7575439314 39.0416047144 40.2552930856
52 18125.36 2470.694 2465.445 98.9162101935 41.2116178257 42.5285489342
53 19150.204 2598.295 2501.181 102.517544827 42.6000011511 42.6213660396
54 19802.044 2631.35 2560.02 106.202308979 45.743264113 46.4668184279
55 20913.53 2597.181 2674.567 109.49643269 45.4292488039 43.9450380348
56 21731.682 2594.95 2742.565 118.182106908 46.3302679382 50.0387499071
57 22959.692 2648.861 2845.006 124.71867336 47.1455272791 49.4238765936
58 23377.902 2682.743 2728.914 120.498906737 47.1391213294 50.0488169559
59 24842.9 2862.299 2934.61 135.491437278 51.5440893871 52.1600138703
60 25745.348 2725.565 2900.125 134.877085894 49.2767440613 55.4649353595
61 26860.336 2828.555 2968.906 141.368930836 50.4828724954 56.873022637
62 28064.9 2973.354 3019.601 145.717671783 53.8541457429 56.768857316
63 28751.886 3023.088 2912.654 148.197105009 57.7030382465 52.7297153336
64 29727.104 2971.461 2942.934 157.659911699 56.3100840529 56.7350096763
65 31369.43 3072.987 3022.043 158.377501129 59.1515960744 59.839937795
66 32673.23 3145.593 3132.31 164.362632097 59.8370565343 63.6359893066
67 33527.298 3142.648 3118.656 172.634344463 59.1598806251 64.5739417228
68 34293.176 3051.095 3181.54 183.007363415 61.7840787611 63.9728385213
69 35639.398 3117.531 3197.229 181.490808437 61.3513488119 64.2645243322
70 36561.29 3159.306 3154.883 185.937820739 63.4321334492 67.5838670868
71 38128.714 3276.806 3124.157 187.223998461 65.7012836331 65.3711842334
72 39254.876 3212.541 3144.944 194.445768021 63.899704918 67.3304975978
73 40458.956 3379.331 3283.003 200.225534412 66.7279404408 71.463743182
74 41556.848 3244.43 3261.983 212.001207244 65.6495348386 69.9475675983
75 42405.186 3213.111 3134.546 215.785869646 68.383166453 68.0022742501
76 43594.138 3193.851 3174.492 222.296647515 65.9794707114 70.5259833697
77 44844.806 3195.436 3149.734 227.942587125 64.1936062158 71.6943021041
78 46184.3 3356.834 3288.29 235.020227047 71.540390871 73.317493279
79 47039.956 3281.185 3181.549 237.236009261 72.0249976957 72.9054487268
80 48685.882 3372.476 3216.264 254.84955293 71.3151892491 73.690271002
81 49300.002 3160.732 3191.047 242.498515389 68.1760890877 72.9139993698
82 50723.152 3263.474 3195.231 251.513786807 70.4615528906 74.8578602211
83 52112.522 3331.931 3202.064 251.014825503 72.8100985076 74.3604928224
84 53109.63 3269.028 3194.72 258.15794266 69.7925943739 77.6817781997
85 54024.998 3225.038 3179.873 276.642573632 73.2114053302 75.2198595594
86 55047.714 3182.881 3011.469 272.993476377 67.9365709947 73.1989235676
87 56870.23 3338.202 3090.376 284.720361146 74.8418721106 75.3997180107
88 57424.084 3143.122 3076.335 296.086678366 74.1588293265 78.5320519913
89 58770.028 3228.35 3020.92 296.511152058 75.1230297119 75.8962536686
90 59805.742 3289.212 2936.309 293.95047766 73.6867978354 73.3378946133
91 60862.462 3199.098 2949.203 306.458090302 71.8906284355 72.5247078798
92 61712.748 3155.145 2996.874 297.825391363 75.2281752426 74.2476283152
93 63152.596 3129.305 3028.086 327.540235872 77.7798327869 78.6677126248
94 64181.564 3043.695 2829.222 316.479379916 71.7165734184 70.9758201486
95 64575.424 3077.894 2840.486 327.021495695 72.2232761953 73.4933248983
96 65889.722 3047.276 3041.075 322.356909142 75.2080995775 80.4222929328
97 67115.488 3047.553 2863.811 320.979497139 73.127959548 73.8088607093
98 68265.968 2991.917 2871.785 333.857551407 75.1826387225 79.0741426435
99 68897.11 3077.96 2769.546 336.187509639 72.3197635547 70.166377949
100 69929.9 3120.303 2534.795 342.849550976 73.359696416 67.4710590905
