5 19.126 19.126 19.126 0.325316441003 0.325316441003 0.325316441003
6 35.086 25.286 26.096 0.489018039179 0.388470659707 0.389010488496
7 54.76 34.209 34.409 0.720843791519 0.498070957474 0.494567804566
8 81.326 46.164 46.245 0.978038647291 0.647285261078 0.62783316134
9 116.202 61.108 62.144 1.34906431222 0.833619640907 0.838650290234
10 162.66 82.527 80.133 1.71199524641 1.05434454398 1.04344107657
11 209.584 100.877 98.584 2.17787200507 1.29564035246 1.34102894437
12 272.084 124.83 122.835 2.64742780033 1.57177887753 1.64993787732
13 345.522 152.026 150.355 3.38704760337 1.98687706098 2.07437772427
14 430.36 184.99 176.498 4.03408529262 2.43445114788 2.50344249791
15 531.9 216.363 213.877 4.71387019042 2.82597863673 2.89314087717
16 632.78 247.292 243.504 5.58403361518 3.22827209444 3.44959223642
17 766.848 286.108 288.944 6.33573811623 3.82943234123 3.93809323586
18 886.068 321.116 316.342 7.5102628564 4.60683305339 4.52599416418
19 1048.292 361.202 371.384 8.70100061577 5.20039795726 5.03913606169
20 1218.548 416.045 408.739 9.41928946737 5.7546394892 5.59034968858
21 1419.736 460.388 471.664 10.9918536809 6.48639348826 6.67915099642
22 1635.54 508.865 531.567 11.9925674139 6.88900239643 7.15130854634
23 1850.566 557.637 584.147 13.2739062431 8.14423783942 7.89057223718
24 2124.55 617.58 655.588 15.1770561655 9.08374057169 8.48127034504
25 2372.27 675.122 704.077 16.695349396 9.70784086011 9.51385846578
26 2687.362 746.67 756.287 18.0846027781 10.6383272974 10.2857107105
27 2979.034 779.009 833.51 20.1770825809 11.4128460607 11.0744121822
28 3317.608 859.266 883.891 22.0281477514 12.9067502223 12.5273292337
29 3647.386 910.524 943.49 24.0143308791 14.0069799804 12.7211022998
30 4024.764 993.915 1013.748 26.8206545952 14.8102412741 14.6557004594
31 4382.428 1044.404 1063.027 29.6185204271 15.0638525369 15.4192563133
32 4844.762 1120.543 1141.975 30.6241849943 16.1686411728 16.054921758
33 5249.43 1195.913 1163.973 31.963692655 17.4380718585 17.6055454717
34 5622.522 1234.42 1241.109 35.57409745 19.2785073117 19.2637555652
35 6205.606 1346.15 1372.184 40.1686772981 20.5747558347 19.6917742506
36 6601.314 1391.739 1415.365 40.8063611434 21.1156665713 20.9429717658
37 7111.642 1467.988 1442.716 44.1637127496 23.3794334193 20.9230319109
38 7764.326 1562.283 1574.742 46.699503798 22.7694767456 24.5487300647
39 8196.942 1594.021 1654.127 51.2262195602 24.3943227308 25.5698268521
40 8899.642 1699.699 1679.461 51.3230762724 25.4439064882 26.2691639038
41 9413.148 1775.147 1739.621 57.1871227679 26.6214726655 27.7570595532
42 10019.806 1828.963 1832.411 59.4464434065 28.2605323511 29.0146878302
43 10820.084 1933.339 1956.118 60.810717113 29.6343374303 29.831100987
44 11352.274 1999.255 2004.087 66.7403715433 31.8836504336 31.7686979773
45 12100.99 2023.126 2113.643 67.0622805185 31.3156078961 33.2621813421
46 12780.198 2128.836 2152.321 73.0376572083 35.1144071586 32.8365958117
47 13625.436 2243.636 2241.29 74.3296209088 33.9126414783 34.2084741659
48 14297.33 2315.777 2270.103 83.5691019524 38.2581727899 36.9327136196
49 15128.962 2434.945 2393.116 85.6251263582 37.28490023 39.0200227758
50 15781.864 2392.702 2349.777 88.8451811581 39.1897548622 40.0145332487
51 16662.184 2528.908 2510.626 94.7575439314 39.0416047144 40.2552930856
52 17377.632 2493.622 2496.159 98.9162101935 41.2116178257 42.5285489342
53 18187.618 2595.387 2555.563 102.517544827 42.6000011511 42.6213660396
54 19022.956 2619.015 2603.297 106.202308979 45.743264113 46.4668184279
55 19911.716 2703.723 2680.347 109.49643269 45.4292488039 43.9450380348
56 20829.852 2888.308 2702.343 118.182106908 46.3302679382 50.0387499071
57 21743.656 2915.127 2753.034 124.71867336 47.1455272791 49.4238765936
58 22408.348 2879.789 2785.567 120.498906737 47.1391213294 50.0488169559
59 23482.06 3090.114 2853.538 135.491437278 51.5440893871 52.1600138703
60 24304.55 3002.16 2921.551 134.877085894 49.2767440613 55.4649353595
61 25351.414 3122.229 3060.775 141.368930836 50.4828724954 56.873022637
62 26120.694 3118.419 2995.777 145.717671783 53.8541457429 56.768857316
63 27326.888 3321.504 3104.98 148.197105009 57.7030382465 52.7297153336
64 28335.362 3297.271 3210.342 157.659911699 56.3100840529 56.7350096763
65 29225.074 3311.438 3344.027 158.377501129 59.1515960744 59.839937795
66 29932.63 3376.13 3266.736 164.362632097 59.8370565343 63.6359893066
67 31172.846 3377.962 3279.593 172.634344463 59.1598806251 64.5739417228
68 32194.264 3471.066 3275.628 183.007363415 61.7840787611 63.9728385213
69 33346.398 3557.528 3409.973 181.490808437 61.3513488119 64.2645243322
70 33829.28 3499.909 3383.617 185.937820739 63.4321334492 67.5838670868
71 35171.464 3573.625 3383.337 187.223998461 65.7012836331 65.3711842334
72 36190.696 3669.397 3376.046 194.445768021 63.899704918 67.3304975978
73 37426.88 3838.367 3407.559 200.225534412 66.7279404408 71.463743182
74 38207.526 3692.359 3371.839 212.001207244 65.6495348386 69.9475675983
75 39055.922 3659.294 3515.654 215.785869646 68.383166453 68.0022742501
76 40109.088 3909.432 3445.075 222.296647515 65.9794707114 70.5259833697
77 41033.25 3689.395 3545.978 227.942587125 64.1936062158 71.6943021041
78 42077.622 3708.915 3426.831 235.020227047 71.540390871 73.317493279
79 43093.038 3665.265 3576.124 237.236009261 72.0249976957 72.9054487268
80 44131.956 3759.849 3582.652 254.84955293 71.3151892491 73.690271002
81 45581.746 4057.858 3582.506 242.498515389 68.1760890877 72.9139993698
82 45674.3 3804.823 3561.766 251.513786807 70.4615528906 74.8578602211
83 47241.584 3988.567 3624.089 251.014825503 72.8100985076 74.3604928224
84 48074.764 3884.055 3601.151 258.15794266 69.7925943739 77.6817781997
85 49431.052 4045.867 3672.386 276.642573632 73.2114053302 75.2198595594
86 49255.334 3826.086 3551.476 272.993476377 67.9365709947 73.1989235676
87 50675.226 4024.562 3558.016 284.720361146 74.8418721106 75.3997180107
88 51678.9 3892.871 3733.466 296.086678366 74.1588293265 78.5320519913
89 52116.304 3740.525 3405.21 296.511152058 75.1230297119 75.8962536686
90 53135.08 4007.08 3546.591 293.95047766 73.6867978354 73.3378946133
91 54333.426 3992.659 3507.225 306.458090302 71.8906284355 72.5247078798
92 54764.026 3973.294 3396.484 297.825391363 75.2281752426 74.2476283152
93 56380.444 3958.149 3512.87 327.540235872 77.7798327869 78.6677126248
94 56978.802 3913.299 3380.74 316.479379916 71.7165734184 70.9758201486
95 57054.38 3958.988 3335.568 327.021495695 72.2232761953 73.4933248983
96 58709.156 3955.085 3550.775 322.356909142 75.2080995775 80.4222929328
97 59073.416 3909.425 3425.104 320.979497139 73.127959548 73.8088607093
98 59760.39 3774.028 3258.042 333.857551407 75.1826387225 79.0741426435
99 60597.148 3865.543 3266.249 336.187509639 72.3197635547 70.166377949
100 61909.642 3931.379 3153.37 342.849550976 73.359696416 67.4710590905
