5 8.384 8.384 8.384 0.0857198453795 0.0857198453795 0.0857198453795
6 12.058 9.748 9.663 0.108685088436 0.0891765016607 0.0910369085521
7 16.514 11.332 11.294 0.136082042615 0.0997583466569 0.09586842418
8 21.484 13.119 13.052 0.158691294427 0.106874979585 0.100585353871
9 27.268 14.881 14.88 0.187561604161 0.120803279891 0.117009791433
10 32.912 16.639 16.273 0.217143748258 0.130543941724 0.133222442626
11 39.854 18.558 18.268 0.251614773004 0.147330724366 0.152129284884
12 47.024 20.335 20.15 0.288601307542 0.163620128794 0.173480821982
13 54.92 22.525 21.95 0.321622513268 0.183026975809 0.189328670162
14 63.186 24.478 23.929 0.361563455194 0.206688742403 0.207038218269
15 71.966 26.168 26.141 0.404730343131 0.22435710845 0.220067145546
16 82.118 28.783 28.237 0.449782592349 0.251422202926 0.242490479468
17 92.684 30.741 30.457 0.481510120346 0.266358528803 0.269578975115
18 103.442 32.61 32.388 0.503780140965 0.284325061753 0.28732562018
19 114.772 34.241 34.292 0.570179902418 0.307941141692 0.301907078228
20 126.934 37.029 36.173 0.606164234411 0.321688735648 0.334465152053
21 139.414 38.611 38.447 0.66882279262 0.350274708438 0.344226208594
22 152.756 41.374 40.671 0.683637201902 0.360732937576 0.364770910047
23 167.246 43.311 43.341 0.751611870851 0.404682649797 0.377246648804
24 180.596 45.118 44.734 0.817499289962 0.40976332435 0.40958882676
25 196.052 47.323 46.995 0.891241610119 0.433802784518 0.438432660962
26 211.766 48.906 48.774 0.891515588223 0.460996400942 0.432738011025
27 225.722 50.496 50.866 0.903743031767 0.472136523579 0.467260501622
28 245.164 53.716 53.201 1.01910336849 0.516573510928 0.4898760839
29 260.404 55.493 54.838 1.03819199892 0.531198760468 0.513608362032
30 277.044 56.623 56.138 1.12792831611 0.538411327665 0.521057056815
31 293.79 57.989 57.819 1.12560156311 0.545553395652 0.541358761182
32 313.458 59.563 59.67 1.25519949082 0.549148062543 0.572944469705
33 331.844 61.211 61.077 1.29441073974 0.580697587982 0.583449641773
34 352.11 62.734 62.107 1.30909190725 0.613980631792 0.585676162711
35 369.78 63.711 63.865 1.36941845573 0.647841939194 0.626134825593
36 390.064 65.444 65.25 1.5021679042 0.661955473615 0.656442241493
37 409.458 66.133 67.472 1.50141149339 0.674068007458 0.678577691708
38 430.578 68.342 67.641 1.56217742728 0.68062051121 0.683860939654
39 453.436 70.029 69.42 1.67610836262 0.697924966066 0.724315008979
40 470.728 70.117 70.599 1.69907176448 0.705238024834 0.737854069331
41 495.054 72.319 72.128 1.75007080766 0.721943516794 0.738040866294
42 512.862 72.19 72.025 1.7854189079 0.721318376447 0.752436399661
43 537.664 76.076 72.804 1.92675465161 0.807224774047 0.762220810897
44 559.464 74.774 74.892 2.05271487117 0.803812813433 0.808005698748
45 585.358 76.905 76.554 1.99066485943 0.794602648101 0.783062111374
46 605.15 77.738 76.239 2.07748632955 0.858486082796 0.799441671409
47 628.678 78.319 77.822 2.14942325668 0.825478439242 0.853217613681
48 650.762 78.852 79.208 2.30836910478 0.853277316104 0.852632228876
49 677.99 80.351 79.848 2.22382852606 0.881437877409 0.851743131679
50 700.676 81.665 77.41 2.39181433222 0.843719525457 0.892472075981
51 724.746 81.19 80.252 2.3329470903 0.868527627793 0.911968301084
52 745.87 81.113 79.372 2.54305135815 0.895632954613 0.904999801459
53 774.846 81.207 81.681 2.50954699301 0.909749303267 0.921740117302
54 791.25 81.096 79.964 2.51672951018 0.90878747718 0.927078302075
55 818.954 83.452 80.654 2.59071683086 0.899816295343 0.933963903249
56 843.18 81.465 82.738 2.7832747292 0.9281811759 0.984923057619
57 870.704 84.395 79.826 2.8386423294 0.954384526711 0.933888575726
58 893.444 83.999 81.924 2.79410126264 0.978483739992 0.955019521416
59 914.128 83.883 83.648 2.86169686112 0.950821419812 0.990730863375
60 940.266 83.095 80.548 2.97488271553 0.958083450905 0.98213251666
61 971.008 85.847 82.253 3.16576657605 0.970177734148 0.966193832273
62 982.87 83.754 79.952 3.07414271846 1.01022078281 0.996980273459
63 1015.306 85.503 82.475 3.22978542288 1.01638823096 1.0141764782
64 1038.288 85.777 81.15 3.32577356803 1.02741561885 1.01085772161
65 1058.018 83.001 82.219 3.32466074135 1.01887148262 1.02579886055
66 1095.106 85.41 84.391 3.35880072441 0.998219586235 1.02335496011
67 1109.612 84.201 82.096 3.5616781167 1.04491935357 0.989714260945
68 1140.056 84.153 81.832 3.58814710731 1.03386385248 1.04036249939
69 1157.25 83.738 81.718 3.38646329282 1.00624643497 1.04271459649
70 1180.964 83.403 81.58 3.55353490405 1.00943427153 1.06348606131
71 1214.698 85.437 80.467 3.65459174694 1.04641053416 1.05050391216
72 1244.538 85.369 80.906 3.85789552916 1.05560178767 1.06311399924
73 1255.418 83.703 77.841 3.80742350544 1.00955633572 1.05319938661
74 1283.146 84.509 81.254 3.76944603455 1.00258720324 1.08865359534
75 1308.044 83.75 79.302 3.76920428804 1.00539162137 1.02033223701
76 1337.366 84.488 80.792 3.9922590317 1.04722611624 1.05752593212
77 1353.3 83.053 78.118 4.15771916183 1.07907116799 1.02489633061
78 1386.546 84.94 79.307 3.98289559759 1.06243266288 1.0963899041
79 1405.706 82.752 78.212 4.09586494817 1.00291691497 1.02249525796
80 1428.648 83.835 77.403 4.10109535113 1.07548986674 1.02939314222
81 1450.372 82.897 76.876 4.19349770944 1.04927373281 1.02178014204
82 1469.488 83.477 76.734 4.38505445332 1.02917378011 1.03145874913
83 1493.762 81.432 74.706 4.52033237282 1.03554900306 1.01763704195
84 1508.672 80.742 76.638 4.53884539652 0.99437529043 1.03638460479
85 1536.47 80.587 76.387 4.36342876768 1.00719057971 1.06761839626
86 1556.65 78.925 73.966 4.6527270895 0.993409400619 1.03047014159
87 1580.69 79.806 75.341 4.67887377045 1.09415151215 1.04876146936
88 1593.25 78.649 74.704 4.61809921292 1.02925563694 1.03736710692
89 1616.958 78.05 73.334 4.6046134149 1.00088324357 0.964690142518
90 1642.38 76.407 72.586 4.51160927145 1.00816454349 0.968075293442
91 1663.302 77.577 72.901 4.56360990131 1.02242722403 1.00120607899
92 1685.898 77.734 72.06 4.60323618549 1.06915683618 1.00877253235
93 1699.156 77.012 71.664 4.6370427893 1.00845765545 0.987071128852
94 1719.8 76.638 69.123 4.7306560969 0.988570800817 0.980011374063
95 1743.974 76.004 71.867 4.81266049343 0.964119032853 0.975383352167
96 1749.488 76.614 69.896 4.72182607658 0.978128692831 0.953654361203
97 1784.288 74.357 68.862 4.70837358733 0.980139900843 0.962101135325
98 1800.078 75.839 69.725 4.90623001999 0.949163837802 0.9037976683
99 1827.166 76.982 69.464 4.97609625891 0.997171011425 0.979210680884
100 1831.782 76.768 65.82 4.61155667112 0.996194046649 0.956392328643
