score_metric draw_metric position_metric var_pow draw_pow 
770.656526329 0.000253370236663 2.0 0.899418401009 0.41081277371 
691.806267828 0.000539957775132 4.0 1.1221541602 0.490992029396 
681.75344583 0.00133299507075 4.0 1.05679219435 0.466814804344 
1349.73845156 0.0032437429289 8.0 2.17952902943 0.91037069751 
687.197298173 0.00331823879982 2.0 1.01223836517 0.454436224683 
680.073318778 0.00390849598253 4.0 1.15840132381 0.507298557028 
706.709694569 0.00477667799547 0.0 1.05915773944 0.46593993131 
668.410739983 0.00711717610271 8.0 1.17740151028 0.514929467451 
700.137057035 0.00901392720847 8.0 1.02079392294 0.461076981552 
684.268349444 0.00994526026959 2.0 1.19782467742 0.518287857276 
686.634021079 0.0160028640453 0.0 1.01553649869 0.455647215786 
667.086045344 0.0191936983804 6.0 1.11546701139 0.487422754736 
713.952803235 0.0193684388403 2.0 1.08140886162 0.480945516181 
685.716521625 0.0203848637751 2.0 0.99265622675 0.443995735918 
693.611419158 0.021740465103 2.0 1.14185595437 0.498435148424 
702.8889224 0.0273966275171 4.0 1.17529504793 0.516148363484 
664.732519024 0.0279570564085 2.0 1.10542821029 0.487987470225 
684.765141636 0.0290365799646 4.0 1.09691498911 0.481976886758 
670.230595433 0.0292446037382 8.0 1.06577721979 0.471407267126 
701.366442653 0.0296006217006 2.0 1.15305110565 0.508867249592 
1409.09161997 0.0315050606067 4.0 2.34116979974 0.97085672238 
792.311005154 0.0327170474161 4.0 1.4 0.600484911436 
707.781293147 0.0332535342809 4.0 1.00961811666 0.453975513315 
704.070355741 0.038666128799 2.0 1.13514754727 0.500454690138 
713.659968765 0.0448403730079 2.0 1.01095737053 0.452743355092 
691.320705868 0.0496044191828 6.0 1.10819601263 0.488560165122 
705.313588563 0.0500458095798 2.0 0.971028267534 0.438159245095 
691.731552441 0.0509720820602 4.0 1.11258904765 0.491331747598 
701.630375333 0.0532621786351 0.0 1.15625275545 0.503440201344 
700.157621308 0.0540457674223 2.0 1.01812169833 0.450719259541 
685.936675585 0.0623095814352 4.0 1.11791789021 0.489999052437 
668.735809074 0.0666085155287 6.0 1.13932039407 0.499168254809 
673.291851776 0.0725665618012 8.0 1.1342825088 0.502585996634 
688.603543407 0.0731114138045 2.0 1.013168251 0.450145640873 
689.221739644 0.073988893195 10.0 1.10963917905 0.491488104936 
684.865863459 0.0746851438457 10.0 1.03110594446 0.462702259063 
659.897925623 0.0748573912661 10.0 1.1168640921 0.492172372711 
700.063338619 0.0767858070898 2.0 1.07762984109 0.47774487761 
704.102573798 0.0772357772166 6.0 1.04582765984 0.465273664825 
662.973674499 0.0782830943698 8.0 1.07431705965 0.477708827306 
773.337358927 0.0801133924035 0.0 1.32632480446 0.573540777766 
673.901396689 0.0891202211202 4.0 1.08972777594 0.477395750573 
687.632380032 0.0932474200069 8.0 1.08000065069 0.478458808432 
693.132358743 0.0971625151007 4.0 1.15307450626 0.504661980219 
675.800600462 0.1037624623 6.0 1.08423798679 0.481470618113 
681.626040745 0.105848605002 8.0 1.12823443431 0.496998525411 
696.50113076 0.108308184515 6.0 1.12190148242 0.492960139341 
1219.98540609 0.10886291 2.0 2.0 0.85 
693.231559742 0.11075903382 4.0 1.12555302386 0.496736351261 
687.573726859 0.114560172431 0.0 1.12769348273 0.493103374441 
692.120843965 0.115179993623 4.0 1.06737532949 0.472673454342 
1428.47823405 0.118569721071 8.0 2.34391821783 0.973472845815 
712.185579994 0.119563242335 6.0 0.98522731671 0.442628096563 
704.443294502 0.119726954329 4.0 1.15 0.50068213582 
672.982060331 0.123418912974 10.0 1.05643731309 0.471081107952 
989.973259769 0.127217667922 6.0 1.68479362916 0.717725486755 
1628.42180716 0.138996717132 6.0 2.68550912242 1.1113257104 
694.392732954 0.142066867359 0.0 1.10655827536 0.48478449529 
702.014375235 0.145965754548 2.0 1.03632783723 0.461561408153 
737.834456903 0.152648455253 0.0 1.28643727406 0.560992240661 
704.611236863 0.15367377738 2.0 1.09868544574 0.49112971248 
698.731180566 0.153729330946 4.0 1.072534024 0.474417262111 
703.028314634 0.154683130148 6.0 1.05409357226 0.468940576008 
699.492897436 0.158544756644 4.0 1.08492123309 0.482762307305 
662.553663356 0.164348460672 6.0 1.11879199801 0.489258112901 
835.48351294 0.165263529021 8.0 1.44720734021 0.615151820836 
981.834903993 0.17013709 2.0 1.65 0.7 
737.247835574 0.181749206433 6.0 0.942112157214 0.423792876948 
691.198639661 0.194602106089 6.0 1.1221684884 0.493992292901 
697.69378392 0.195286949731 2.0 1.01402551266 0.451997067982 
691.831459777 0.1958251687 4.0 1.13970246626 0.502980342663 
684.32772258 0.198043098021 8.0 1.11748821041 0.49199223515 
685.3598546 0.198116293814 0.0 1.0681238028 0.476857250791 
710.093940827 0.204415693662 4.0 1.06753060575 0.474989892703 
690.400774286 0.205639102894 4.0 1.03671304407 0.458395192613 
683.304723367 0.206956404446 4.0 1.05372206517 0.469508896157 
704.719224309 0.211489832713 2.0 1.17631655826 0.513471353337 
692.173263963 0.215977138756 4.0 1.05303352512 0.469070013006 
684.80805961 0.219669532463 4.0 1.12445096824 0.49401861486 
714.515467507 0.22894044048 0.0 1.05731368867 0.470622655199 
688.942506324 0.238458645511 6.0 1.18564728243 0.519936581334 
688.67296953 0.260201042203 0.0 1.05743318205 0.46848706595 
705.232301384 0.270239164907 2.0 1.16557576167 0.512959577327 
690.103475616 0.27333999102 2.0 1.11220265361 0.486841077869 
698.01551519 0.280525116006 8.0 0.999310076915 0.445388569894 
672.371331153 0.282477018543 4.0 1.10482363459 0.491461230995 
683.168856651 0.296942486192 4.0 1.12823435148 0.498895971484 
717.693468881 0.317672597089 6.0 1.24761762567 0.54909767819 
703.969311335 0.321666208993 2.0 1.1527757058 0.508219798148 
699.772993363 0.323057809295 4.0 1.14547824779 0.508074619715 
693.190760718 0.32783012431 4.0 1.05372890748 0.467432649609 
680.13466776 0.330653188028 8.0 1.09056010219 0.483723680877 
688.512031482 0.332417619556 0.0 1.02908852115 0.461486666864 
708.173379023 0.336206066415 4.0 1.19709496291 0.52404646017 
716.879138802 0.342423464968 2.0 1.19812995421 0.525371199355 
1170.12185059 0.34713709 6.0 1.9 0.8 
690.290492366 0.347250868574 4.0 1.12650056526 0.489954716638 
670.04788548 0.347914857756 10.0 1.14430641271 0.502097897149 
722.962379731 0.35005297157 4.0 1.1793647821 0.513210491086 
701.546720352 0.360071256523 4.0 1.02201919842 0.458910334111 
683.163718192 0.367083303131 0.0 1.14372373552 0.506666968053 
700.692040902 0.367782267174 4.0 1.00038790447 0.448715456398 
702.708213236 0.367843628902 4.0 1.16704324306 0.51395093381 
706.585111573 0.386763932343 4.0 1.22122524366 0.536355488236 
680.897922868 0.387571090625 2.0 1.10572273166 0.493929380409 
769.878574283 0.390315224929 4.0 0.905220377047 0.41441195951 
709.322420563 0.390654595683 2.0 1.24277088397 0.540847838648 
693.813925505 0.40047651485 2.0 1.16373934744 0.506550094487 
689.800341872 0.414862698771 4.0 1.1549757126 0.501399121382 
705.593606909 0.416334097283 2.0 1.13750122428 0.498017330694 
698.842090029 0.422837778767 4.0 1.16078101001 0.514545642223 
725.31196177 0.426890609001 6.0 1.28498106553 0.562482723484 
719.126592792 0.429227496456 2.0 1.09353393861 0.4791092966 
687.931979457 0.42988662936 2.0 1.09294119396 0.485904399261 
751.341539689 0.433044728182 2.0 1.25 0.55 
664.950436666 0.436293929978 6.0 1.10584009194 0.492678892133 
698.314052537 0.436961738819 6.0 0.996605074648 0.446477342935 
687.464612525 0.442686005503 4.0 1.12806621865 0.500794955485 
703.641890038 0.445444721943 0.0 1.12708947865 0.499580841985 
718.439022981 0.448759737907 2.0 1.18516032566 0.520885694265 
687.071459117 0.464419358872 6.0 1.06173641163 0.466084488011 
697.889371471 0.465708268605 2.0 1.20718767658 0.526521102769 
700.62988444 0.481587822065 6.0 1.15024059789 0.509538866909 
688.160450673 0.482163803459 8.0 1.1789569231 0.52177111468 
683.747655877 0.483226636633 0.0 1.06412922993 0.4754411871 
682.499519746 0.492464484807 6.0 1.08944137468 0.484106730302 
688.209334341 0.495969703816 4.0 1.12114290777 0.492494551081 
700.589792832 0.497069005656 2.0 1.03740985312 0.46263343181 
697.136250639 0.506459498364 2.0 1.11361800538 0.489233123307 
695.185277188 0.507906225585 2.0 1.18885219526 0.521469243212 
757.651587795 0.510746307073 2.0 0.910488380627 0.420005963553 
830.613997315 0.512907367823 2.0 1.43616149575 0.617982178411 
792.825266455 0.513248858101 2.0 0.877385743586 0.401418099689 
715.161711019 0.515921597428 4.0 1.07724353816 0.47937128944 
696.04359338 0.534649242227 6.0 1.14745816261 0.509588148927 
688.134212806 0.535739883674 4.0 1.07425522034 0.482571821767 
684.770261479 0.536782667007 2.0 1.10858706488 0.493419403284 
663.885910631 0.555285430222 2.0 1.06141131703 0.471349099084 
749.086970243 0.561049259818 8.0 0.905188733508 0.411098874871 
687.131213864 0.564780579293 2.0 1.09533733436 0.490854464575 
683.204685656 0.569210172103 2.0 1.10175547696 0.48803913932 
1464.33365831 0.57213709 8.0 2.4 1.0 
680.91267296 0.5927774668 4.0 1.13126687711 0.492187470493 
707.695005676 0.604388894243 2.0 1.04063048961 0.465030378192 
697.309775463 0.621227865207 0.0 1.19808531179 0.524937212099 
702.011566464 0.625046083146 6.0 1.01724861813 0.457276442545 
777.654021907 0.633353126704 4.0 0.907303884858 0.408285425484 
682.066332651 0.636739941049 4.0 1.13290414425 0.503949612881 
727.486524942 0.637358276243 2.0 1.2265648768 0.537071266581 
761.143616425 0.644409465294 4.0 0.936874598825 0.429005864944 
1372.06926064 0.65986291 2.0 2.25 0.95 
765.921115952 0.669560799869 2.0 0.902309125233 0.411243502517 
685.233152959 0.674642720426 2.0 1.0890754047 0.485567834973 
822.247206832 0.691948890641 8.0 1.43463918033 0.617296375913 
693.239527793 0.716570737749 2.0 1.13827067898 0.505574339919 
746.308807073 0.728159938326 2.0 0.950528602223 0.429653416613 
689.631557687 0.736685466744 4.0 1.12248111605 0.501976419844 
721.67261361 0.73696361524 2.0 0.961014534729 0.42866399691 
713.609348895 0.739768249493 2.0 1.17601959719 0.518271203659 
1416.04099167 0.748079150174 4.0 2.26021844257 0.93157553429 
694.611997044 0.749669233178 0.0 1.02638231181 0.45921908631 
678.465510767 0.769395401039 8.0 1.07233316995 0.468278488245 
683.610706592 0.771884821971 4.0 1.06574383642 0.476377164126 
689.017738576 0.772211115153 4.0 1.12921675117 0.502892470431 
712.410702548 0.774197396972 4.0 1.2454316289 0.530828607611 
691.827842536 0.775297002484 2.0 1.09315248092 0.480696295832 
690.432522325 0.777405607041 4.0 1.08341827759 0.482140349668 
681.478455662 0.793737196089 6.0 1.15784547406 0.504174009081 
724.529174123 0.801443339323 2.0 0.940146098753 0.42254857456 
724.305747782 0.822922096107 2.0 1.20936903924 0.524499669183 
704.18902236 0.837369531748 0.0 1.08255017258 0.471001791733 
712.786976729 0.859558985363 2.0 1.10331036703 0.482648215704 
1127.37985595 0.878511088398 4.0 1.87905800035 0.806836571659 
700.651422534 0.88161363067 0.0 1.02508043089 0.451576682285 
712.129631791 0.90003537699 4.0 1.10876112325 0.495987193792 
709.00545222 0.91699906572 4.0 1.16535384734 0.501304858723 
715.070640058 0.92053659833 6.0 1.24230722587 0.537095610534 
734.389119326 0.923915143406 2.0 0.98099930979 0.438655075638 
680.577972198 0.938833741174 0.0 1.13576994235 0.50497729767 
696.027424366 0.942430229673 4.0 1.15731139924 0.515513740047 
677.071355852 0.942860528782 2.0 1.05595592543 0.476210230318 
760.234741886 0.94425384918 0.0 0.938868360253 0.428750421903 
670.35811461 0.948808429174 4.0 1.12884270194 0.503453867435 
724.667963576 0.956779194129 4.0 1.24015593383 0.55281132967 
701.452304226 0.964032486431 10.0 1.00302094452 0.440311204101 
669.03972147 0.964998179887 0.0 1.11486397747 0.503712248592 
675.757225982 0.967120109807 2.0 1.11980911125 0.489980157351 
717.056394689 0.97222393202 6.0 1.19237304409 0.520528441391 
686.565455053 0.97325896977 2.0 1.09599386982 0.480646012497 
762.81332751 0.982288292877 4.0 1.30786685341 0.55714695409 
685.29046854 0.98506302621 2.0 1.10382863714 0.479590738099 
715.922094768 0.997936433076 6.0 1.24717510487 0.552366561638 
710.808480257 1.00887824633 4.0 1.20315830271 0.530684062796 
682.724142856 1.00977195335 2.0 1.08743647498 0.472132971629 
716.395032262 1.04836238105 8.0 1.15066348226 0.497343846707 
688.319708568 1.05912639961 2.0 1.17730647145 0.518250873995 
701.546460036 1.06365640144 2.0 1.18045183899 0.525270073513 
703.384504464 1.06544612761 0.0 1.03481042544 0.454001309667 
705.018309875 1.08670474549 4.0 1.17216722767 0.505743708976 
967.450281698 1.09404388908 0.0 1.65513524159 0.711610410336 
669.654558218 1.10884908179 8.0 1.06475165629 0.463023879938 
697.414604621 1.1094922631 4.0 1.10614243614 0.486635210344 
720.849906382 1.11309857117 6.0 0.9807487546 0.445998502867 
674.884683154 1.11517631055 4.0 1.03878317238 0.466995444213 
690.9055406 1.13887128419 6.0 1.09472213675 0.489944813128 
701.313506283 1.14116069491 2.0 1.01121269467 0.455761535698 
694.373917353 1.15632886118 4.0 1.20365818011 0.521780047147 
700.662143113 1.15901888275 2.0 0.98694692206 0.449710705227 
710.810969326 1.16225676247 6.0 1.20438095341 0.514059207125 
717.612047198 1.16942490533 4.0 0.954893185267 0.435261187597 
885.522879001 1.1742119628 4.0 1.489221192 0.628959712367 
744.870179475 1.20086322948 8.0 1.34074182122 0.58260214023 
689.278805896 1.20588936388 4.0 1.07596314873 0.471278193014 
686.453346436 1.21151518459 10.0 1.03661102597 0.464607369512 
728.311760959 1.22797443489 6.0 1.23855882595 0.527857078066 
857.477433004 1.22928641264 4.0 1.49448643675 0.628477417174 
697.015074568 1.24805738505 2.0 1.07760190322 0.468464968803 
692.115627632 1.26916604414 2.0 1.08858891219 0.493078492329 
686.551332339 1.27848450928 6.0 1.12018436437 0.500635655326 
685.748904639 1.28628178813 2.0 1.05555561859 0.464899261991 
761.684649325 1.29034143784 10.0 0.888576779173 0.402272310264 
691.664535903 1.29052622541 6.0 1.13611501654 0.503816199523 
1400.05492135 1.29566865106 14.0 2.32019212172 0.98005068947 
698.874837808 1.29656195151 6.0 1.1934345009 0.511553593543 
692.846019442 1.33316720811 0.0 1.14681418207 0.514636028347 
1073.61273824 1.34713048909 0.0 1.83130138957 0.764572426522 
684.363677809 1.39168768414 4.0 1.08308538534 0.471931341799 
679.993123571 1.39395850626 2.0 1.04422733854 0.473867977268 
678.590763311 1.43527034332 6.0 1.14113416351 0.487382290328 
696.192485905 1.44269083471 8.0 1.2057090058 0.535891754838 
708.105865303 1.52364296026 2.0 1.15093876936 0.492971382683 
730.201512685 1.53758220199 8.0 1.29997590772 0.554893459979 
727.337517505 1.54505977445 4.0 1.26858680381 0.558026895888 
981.07331028 1.55774630071 10.0 1.65523816014 0.69546290398 
698.616793901 1.56332417556 4.0 1.09607229081 0.473401238951 
769.042289872 1.59027368452 2.0 0.910832995084 0.427500767051 
693.793832735 1.59582545899 4.0 1.15709061095 0.514183438388 
779.477553969 1.60039785345 4.0 1.39176106637 0.612548947223 
708.121160245 1.60045960465 0.0 1.03005611301 0.451415707488 
689.623842554 1.67770910301 2.0 1.08365131145 0.491219498244 
694.85266209 1.68094254355 4.0 1.09643645038 0.471161961989 
689.167286353 1.68108138421 2.0 1.07388520574 0.488728607419 
741.954196502 1.69211004033 6.0 1.19881869424 0.510757484573 
688.187032727 1.70156153583 6.0 1.02971965216 0.469110357465 
787.564803595 1.71694840621 4.0 0.890651478574 0.414128460727 
678.630964981 1.7414536552 2.0 1.047335245 0.473474626802 
686.862331276 1.75768733283 6.0 1.09138031909 0.47420078973 
694.218749317 1.76196523163 6.0 1.1446992096 0.493739166798 
696.437214382 1.78104406786 4.0 1.14774651268 0.510040020406 
697.461944871 1.79766173036 0.0 1.11701618485 0.501902899954 
685.701759925 1.82257419166 6.0 1.18923745114 0.530615538302 
861.775018564 1.82401507284 12.0 1.49373160256 0.629555364043 
679.029875847 1.82909595044 2.0 1.08569133977 0.472040885797 
697.069306545 1.85242238633 8.0 1.1597314577 0.501489257403 
685.243306559 1.87223667 2.0 1.09059645272 0.474083034809 
696.089074555 1.87385184301 8.0 1.07340571461 0.46405641776 
775.264835764 1.88007469445 4.0 0.911478624032 0.42765402947 
704.703080932 1.91085995729 4.0 0.963013798029 0.422077151266 
705.04659628 1.91256174353 0.0 1.14602155388 0.491027346383 
704.72053331 1.94697549755 2.0 1.11529603533 0.498580744877 
962.356738415 1.95504947013 4.0 1.59594429265 0.665811334956 
716.331431996 1.96557814863 4.0 1.02686068563 0.450713956183 
718.051212563 1.97212037505 2.0 1.18971363346 0.529701044835 
938.312990671 1.97335796426 8.0 1.61410441318 0.671127071099 
696.914105384 1.98171690781 2.0 1.12777011653 0.488514620371 
814.297734772 1.99331688167 4.0 1.40750811074 0.589201709297 
721.109980492 2.00313408099 8.0 1.25875969778 0.52982037381 
695.194141952 2.01266441749 6.0 1.15883032739 0.519788196435 
689.990519071 2.01832463933 2.0 1.03588277359 0.448074158402 
715.678936922 2.02886041129 2.0 1.03677788698 0.448141392313 
670.343494848 2.04661879482 2.0 1.09538533185 0.474735086914 
697.111955351 2.09857344934 2.0 1.06792831967 0.45499174221 
1351.22655525 2.12737308059 4.0 0.679769284872 0.323576726969 
701.236606744 2.12837731884 4.0 1.06249431111 0.483769276209 
688.970641313 2.15775524755 4.0 1.15853409021 0.523608301613 
701.504087852 2.17437595332 2.0 0.995067325811 0.433005780986 
711.602496095 2.20356658716 8.0 0.989222093394 0.455774426272 
836.999567195 2.21381671622 6.0 1.44842055421 0.605045268823 
673.967840138 2.21729435538 2.0 1.05915332035 0.481393799621 
727.052085012 2.22396570485 4.0 1.00340467703 0.462290000638 
722.367832388 2.25980196461 6.0 1.11239532168 0.508231384649 
675.3738068 2.26226562695 2.0 1.1066635793 0.478108650357 
725.083237777 2.31083928856 2.0 1.19074454615 0.503505552235 
686.24732223 2.32366183506 10.0 1.23272980207 0.552502291606 
715.626739906 2.34367794463 4.0 1.09628682868 0.500194890411 
712.167606198 2.39793705635 0.0 1.05752763364 0.461260361468 
676.906291181 2.4346280871 0.0 1.15366382462 0.496299081996 
698.239515582 2.43701036299 6.0 1.02847044282 0.44283340775 
703.574768615 2.47385245488 2.0 1.06243324781 0.489421928983 
700.658693387 2.48123939711 0.0 1.14941903957 0.518988167754 
702.496752816 2.49475134715 4.0 1.12820664981 0.480198686639 
696.784048543 2.52626389671 6.0 1.17215110963 0.525120365457 
700.037133724 2.52821897611 2.0 1.07594508644 0.461184208058 
708.225124644 2.56925584892 2.0 1.12772001794 0.4792350673 
722.228585409 2.57376310645 4.0 0.964731819642 0.447765710084 
693.123284328 2.58998904667 4.0 1.11308764727 0.502386586749 
1364.3715982 2.62665556846 6.0 2.27973821359 0.919964486044 
740.48673661 2.64824809777 6.0 1.29318351709 0.542028726283 
802.275492127 2.65593732116 2.0 0.890417546363 0.419176429243 
707.233153904 2.77089489427 6.0 0.951684791988 0.446906739783 
685.830359712 2.77656251786 10.0 1.09943602244 0.502437024915 
717.913483789 2.77730781223 4.0 1.2611456213 0.528968702683 
746.222184903 2.79793817487 4.0 1.33371520736 0.559179067147 
700.089616507 2.81916636152 4.0 1.13438883661 0.512336490902 
710.704892461 2.86958901209 8.0 1.24867244495 0.559235222131 
980.777892137 2.8866355915 10.0 1.7 0.7 
780.777853791 2.92966580336 2.0 0.898806877487 0.393995190607 
745.304567381 2.94720719146 2.0 1.25190865824 0.526344879268 
687.778584922 2.99811202529 4.0 1.12708270527 0.476658053019 
1391.13904297 3.00913709 10.0 2.35 0.95 
680.293185303 3.02522432114 2.0 1.05756459674 0.455364845493 
686.812407374 3.04117083999 10.0 1.10411983921 0.505823865479 
683.080727168 3.05692446434 8.0 1.02560344694 0.438331198465 
765.659173539 3.06731935443 2.0 0.896215569799 0.422656257587 
711.875508646 3.07353267404 4.0 1.21695228049 0.506973565338 
719.511060916 3.07874625964 2.0 1.20239457214 0.54349476874 
688.551414431 3.08018075846 2.0 1.13342540949 0.483958951512 
697.637758632 3.10288092424 10.0 1.07010480377 0.455372746606 
696.909300649 3.1154400609 0.0 1.12601169609 0.510269062099 
708.872008484 3.12634962986 2.0 0.986765258082 0.430298226783 
720.639519259 3.15972301288 2.0 1.20679868515 0.551291624764 
700.638495239 3.17284618656 0.0 1.12049260609 0.515945893945 
696.374944417 3.18938123984 4.0 1.05123785236 0.482714667778 
688.557311747 3.23769034066 4.0 1.05677946253 0.449293810554 
704.771287965 3.27358421381 2.0 0.997002645604 0.432076034003 
708.749869498 3.34161875834 2.0 1.07058400839 0.496834653711 
699.065552906 3.38285713439 0.0 1.04834823352 0.445504432721 
1275.62137026 3.38513709 4.0 2.1 0.85 
753.325917038 3.4519442789 2.0 1.30064947744 0.590277549671 
707.883320333 3.45964707451 0.0 1.004447133 0.4315837182 
729.099088818 3.48516708188 0.0 0.976704048445 0.454904380574 
741.492939337 3.51084531089 2.0 1.24070941467 0.562388973581 
751.984463955 3.52175719017 4.0 1.27174514408 0.528956033835 
1016.6160036 3.60266065549 10.0 1.7311885172 0.7 
716.051361087 3.61194541039 0.0 1.24930652725 0.567102878732 
689.778650145 3.62266833517 0.0 1.08595765176 0.457273634027 
691.795868012 3.64000188635 2.0 1.02929568018 0.474517748254 
1157.39500336 3.66930371069 4.0 1.88079375582 0.762818311094 
690.311924895 3.68442457668 4.0 1.10931035559 0.509207823618 
678.009599006 3.81503308901 8.0 1.09893076656 0.509502650854 
683.496750135 3.85268956158 8.0 1.02327456153 0.436463034884 
688.672966577 3.97760649958 4.0 1.17579073283 0.538965766691 
720.851626059 3.98123955786 4.0 1.00095510002 0.468450883766 
1054.43153285 4.0462098262 0.0 1.76569068757 0.704610146968 
683.232277701 4.06777511685 0.0 1.10871796298 0.516045535777 
755.43043788 4.15062635462 2.0 1.31165133743 0.541800367039 
694.953472561 4.18220026581 0.0 1.07261191401 0.456613479564 
696.895047329 4.1911591141 2.0 1.0613365069 0.449896499367 
686.764507723 4.19395758894 6.0 1.06698763669 0.499399875438 
693.964377848 4.24947905493 4.0 1.15786549297 0.4804165068 
910.02401746 4.25031580191 4.0 1.56730601166 0.638258977213 
696.289896713 4.30350743749 6.0 1.22338124695 0.557929927888 
740.799224919 4.38555051767 4.0 1.30105623456 0.535309087658 
684.038476768 4.45059905503 4.0 1.06923109018 0.501243106451 
856.381465486 4.54119483329 4.0 1.38833848024 0.624553093108 
688.02420757 4.55196219385 4.0 1.07039861903 0.498660683117 
718.263821418 4.57465008266 4.0 1.21126824585 0.554736942115 
710.486076649 4.587817136 0.0 1.15441384855 0.532248746361 
701.716297927 4.60097117379 4.0 1.15513115939 0.532138617012 
694.794102983 4.65404752871 2.0 1.10722557543 0.517886851988 
699.031124104 4.67264371453 2.0 1.05613885788 0.497980549318 
814.008974193 4.71198923075 12.0 1.423719161 0.650176022131 
685.013348413 4.7667613188 0.0 1.13094134732 0.530589378391 
695.09206147 4.79494776953 6.0 1.01654174076 0.430626688284 
684.784026114 4.83732122173 4.0 1.05905476253 0.498183477825 
684.071449758 4.91785248591 4.0 1.06540245291 0.502191227348 
688.312974684 4.92059278735 4.0 1.13347620514 0.466143801361 
688.841628117 5.07150452243 8.0 1.13910572379 0.470411546671 
715.133258615 5.09555395814 4.0 1.06678702604 0.499414730431 
701.686947381 5.14542848901 0.0 1.01530856473 0.427011158004 
807.574206242 5.50786291 8.0 1.4 0.65 
700.70507731 5.60091210521 2.0 1.11666711853 0.456337114148 
687.84589791 5.61803303856 4.0 1.10128620045 0.514687932685 
686.917989708 5.77554299437 0.0 1.05658344177 0.505135084416 
703.369449869 5.82893669134 4.0 1.04189485096 0.428301524513 
1168.4355812 5.84061918103 10.0 1.94453589312 0.759515688616 
702.167555578 5.84444018038 4.0 1.11943773146 0.463763982116 
1047.2709746 5.84732388974 0.0 1.73082857117 0.781511974491 
696.16599545 6.00015528413 4.0 1.18669666512 0.557950282408 
690.019720434 6.0249450613 6.0 1.05122560457 0.501492506969 
706.392470291 6.26716640804 4.0 1.16970252282 0.550364403928 
693.967212865 6.60747643736 4.0 1.13598705808 0.53713316022 
715.804215281 6.72851980741 6.0 1.11831734687 0.453297045284 
690.06223919 6.92262994485 2.0 1.07747501243 0.517094468692 
697.477966305 7.03987565553 2.0 1.1243874792 0.457195185381 
706.457926403 7.06264272611 2.0 1.21643768707 0.579811210149 
719.331908064 7.33957029818 4.0 1.03055262181 0.417848021734 
689.692955141 7.51715503722 8.0 1.1505996054 0.554392249031 
685.120622105 7.60467473602 2.0 1.09085938944 0.527905211948 
688.196088794 8.08979802157 4.0 1.01965180319 0.497863349835 
719.208845642 8.62799900561 2.0 1.23308593341 0.483352475135 
722.248455575 8.70885503635 6.0 1.08620140169 0.428706367833 
687.620787384 9.31060689119 8.0 1.0940159705 0.541071382013 
679.345526362 9.35208941959 2.0 1.06344741732 0.527896023654 
697.976075293 9.38980998148 2.0 1.04226997444 0.412089356578 
682.607326886 9.43827303631 2.0 1.05707965493 0.523998965155 
697.530165842 10.1504177864 2.0 1.16714903908 0.448753248548 
717.121949198 10.7159572851 2.0 0.991962378732 0.38568202896 
694.970562534 11.2928214664 4.0 1.12807478455 0.564321944519 
718.297770013 14.6331216779 4.0 1.09131106819 0.395952657191 
