5 8.392 8.392 8.392 0.0835542776722 0.0835542776722 0.0835542776722
6 11.964 9.602 9.714 0.107565209405 0.0902204840141 0.0887360021529
7 16.43 11.271 11.155 0.138181743346 0.097082356708 0.0975627669426
8 21.476 13.019 12.922 0.161912444363 0.10721069505 0.105541721869
9 26.998 14.668 14.779 0.192616450744 0.120508498863 0.119173660518
10 33.49 16.821 16.669 0.224914398131 0.13275007187 0.135135860158
11 39.41 18.297 18.219 0.257142026946 0.15110136539 0.151842336307
12 47.082 20.53 20.233 0.289311211288 0.16774754615 0.172778944214
13 54.832 22.359 22.162 0.323376480821 0.18037919962 0.191923397715
14 63.322 24.552 24.109 0.372487668337 0.203205778925 0.214240561094
15 73.232 27.229 26.445 0.411099962514 0.230589962337 0.227184039025
16 81.93 28.663 28.25 0.441581356144 0.252248012995 0.249101488457
17 93.858 31.454 30.777 0.474410055649 0.26434780832 0.265947361331
18 103.274 32.726 32.548 0.509706508419 0.278360213408 0.283672639086
19 115.376 35.444 34.789 0.572316494756 0.318663475175 0.29765597269
20 127.874 36.701 37.209 0.606772029923 0.327403102905 0.326732418154
21 141.716 39.536 38.972 0.649058256723 0.336312072055 0.349991013756
22 155.006 42.225 41.642 0.735416073254 0.3873530914 0.375386135533
23 167.398 43.287 43.068 0.757595899901 0.395503544932 0.390455928156
24 182.51 45.444 45.269 0.810042016236 0.407653093997 0.422527121222
25 197.984 47.729 47.667 0.841258259668 0.435388472656 0.431446702684
26 213.398 49.959 49.82 0.929981968891 0.46063815138 0.457284056915
27 230.304 51.86 51.46 0.949324391765 0.48912947943 0.475121184689
28 245.514 54.302 54.305 0.992863324724 0.504879886408 0.475320844173
29 264.172 56.117 55.613 1.03944738533 0.523692242223 0.499752922937
30 281.7 57.811 58.757 1.15941288514 0.558147657711 0.542189930671
31 301.236 60.618 59.396 1.15785185794 0.540055308034 0.54899232834
32 316.466 60.668 61.925 1.22836139459 0.573592873722 0.562583215956
33 338.738 63.467 63.274 1.34427468563 0.584467718111 0.618748554563
34 358.912 65.462 64.859 1.30317248072 0.606409340535 0.600966121574
35 379.876 67.048 67.966 1.4084489172 0.634558397912 0.6121941078
36 394.556 66.72 66.992 1.51615486992 0.663655059529 0.66122095335
37 418.712 68.772 69.212 1.58023738919 0.687075023624 0.68652485197
38 442.106 71.94 71.76 1.61773230846 0.678349879162 0.700969156067
39 461.338 71.686 72.333 1.61907725794 0.696025758041 0.727118155331
40 485.554 73.913 75.332 1.73271561065 0.749536681048 0.727606478247
41 507.782 75.33 74.818 1.81659695599 0.751146670978 0.77951556785
42 529.578 77.889 75.839 1.80580143837 0.765879396674 0.780184444069
43 554.424 78.511 78.528 1.96265744547 0.802796587786 0.780312824516
44 575.948 77.581 79.006 1.98067472553 0.821384265196 0.79354626814
45 595.604 79.41 80.142 2.00537695228 0.816440123019 0.849737541768
46 624.506 81.291 80.182 2.15211978839 0.838129333564 0.837729471051
47 648.722 82.895 82.426 2.09894837962 0.868293676649 0.853190751508
48 671.28 83.941 83.406 2.19039709629 0.850687479741 0.891553717973
49 700.022 84.745 84.269 2.30505288113 0.894587201597 0.900806356045
50 724.19 86.891 86.19 2.36941639102 0.88602830946 0.88713071241
51 747.192 85.587 85.2 2.4583764461 0.88554085937 0.932420188224
52 776.842 86.457 88.001 2.42189029243 0.93553694763 0.948269061613
53 800.774 87.296 88.942 2.5761462407 0.944752317246 0.950609433098
54 825.244 87.547 89.253 2.66012494607 0.913240274407 0.944544946605
55 855.472 89.748 89.568 2.68707230524 0.94409311395 1.00753685119
56 882.626 92.185 90.984 2.91672957873 0.988929095414 0.982813138733
57 911.478 91.129 90.042 3.00720315024 0.988551259466 1.0315184275
58 938.998 92.449 92.226 2.97881475311 1.01628550872 1.04890854374
59 956.388 91.792 92.02 3.04657366021 1.03132359828 1.07924156812
60 987.136 92.296 91.897 3.14763929591 1.02230009365 1.04403467347
61 1023.154 92.334 93.072 3.20755369163 1.03326864275 1.07391625005
62 1045.358 92.411 92.586 3.11385033357 1.01684514704 1.05257708626
63 1067.81 94.221 91.077 3.39675283614 1.10086059656 1.0592001586
64 1098.642 93.06 93.418 3.34401888426 1.0476784001 1.0704499704
65 1132.434 94.558 95.029 3.38959245057 1.08593088264 1.13074964238
66 1162.748 95.188 93.26 3.35084775492 1.08369970982 1.0690562573
67 1191.156 93.909 95.142 3.57557385498 1.09721401631 1.17808136888
68 1207.102 94.526 94.229 3.55275606701 1.07064167563 1.15270607281
69 1234.856 95.598 94.074 3.60011723533 1.11586179411 1.14735214339
70 1269.966 97.077 93.922 3.65641411881 1.09340413553 1.14922436131
71 1302.632 95.631 95.305 3.77438823951 1.11698903464 1.1554614083
72 1325.51 96.643 94.223 4.06449554361 1.17583508161 1.14439630981
73 1352.974 98.042 93.49 3.99290353034 1.16382590052 1.14140295282
74 1379.752 96.879 93.781 3.87246568564 1.14196078454 1.14127803561
75 1405.446 95.978 92.735 4.23548112785 1.16497153385 1.19975004696
76 1441.954 94.45 91.602 4.09845815438 1.13372608457 1.1591113558
77 1463.792 98.266 93.637 4.21407013742 1.18063166785 1.19830345162
78 1490.156 96.229 94.788 4.16941430895 1.17598788536 1.22774117973
79 1521.264 96.85 94.47 4.22995399677 1.18954803372 1.22616417277
80 1549.706 96.477 95.18 4.51466984483 1.17607509268 1.22470547623
81 1575.12 95.593 93.53 4.27545659891 1.17055181113 1.19958413715
82 1606.74 95.809 90.349 4.42829156291 1.16337524512 1.14465515962
83 1633.222 96.814 90.723 4.65574598606 1.16633689205 1.1681656055
84 1658.222 94.546 90.592 4.76073558595 1.17342695334 1.19409689867
85 1685.006 96.481 91.014 4.8997485139 1.17782635134 1.18150656442
86 1708.04 93.376 87.211 4.88182164592 1.15254804281 1.19939777974
87 1739.12 92.759 88.297 4.6119852567 1.17817868934 1.12326867824
88 1774.05 92.932 88.298 4.96974162627 1.13630214228 1.17501312837
89 1795.26 93.864 88.569 4.92290965176 1.17659078267 1.13922740402
90 1809.252 92.159 86.574 5.29428880871 1.189402538 1.12873139345
91 1839.504 94.352 86.531 5.16269924046 1.23119126375 1.1678676954
92 1863.424 94.858 85.8 5.12677520943 1.21280779134 1.19235385172
93 1903.962 93.106 87.413 5.2265330003 1.16066183701 1.21795149199
94 1920.346 91.26 87.225 5.33638691526 1.15890442206 1.20406318071
95 1950.244 92.879 86.428 5.29868743677 1.14083296712 1.172443363
96 1971.254 91.607 85.424 5.2273232531 1.20090162616 1.15496760741
97 1988.956 89.902 83.839 5.4522814892 1.19837744659 1.1082884924
98 2015.478 89.94 83.513 5.41109410891 1.15318959683 1.14104066746
99 2042.14 90.688 84.937 5.48893548995 1.21058339992 1.2030238141
100 2055.464 88.458 79.247 5.33342423947 1.10194397159 1.07658674989
