5 7.768 7.768 7.768 0.085015455228 0.085015455228 0.085015455228
6 10.848 8.874 8.462 0.107276858289 0.0884521496787 0.0908315714626
7 14.242 9.993 9.51 0.134158990137 0.0957843705708 0.0951789579373
8 18.336 11.318 10.958 0.167355644996 0.107811870401 0.11016954356
9 23.342 12.94 12.684 0.185812880141 0.117338686576 0.120596278809
10 27.662 13.893 13.769 0.215418776455 0.133460239906 0.127860268451
11 33.452 15.425 15.328 0.241974187688 0.145683560156 0.14399268347
12 39.742 16.711 17.199 0.288168223309 0.164237382827 0.16246893597
13 47.5 18.327 19.521 0.324310408777 0.182716612163 0.181405564906
14 54.48 19.142 21.366 0.355260628432 0.203387525393 0.193342642419
15 62.518 20.806 22.911 0.392093587529 0.223444486257 0.208284272902
16 70.444 21.36 25.018 0.429504036905 0.242302086869 0.228826398216
17 79.638 22.638 26.992 0.472960522301 0.269179415182 0.245352395134
18 90.796 24.122 29.454 0.498532380628 0.283562138669 0.249895431584
19 100.058 24.819 31.22 0.562298924132 0.310274533738 0.275757170382
20 110.656 25.431 33.333 0.622964821775 0.329306291518 0.307379689103
21 121.656 26.457 35.281 0.636982061087 0.350495145254 0.309095998577
22 135.308 27.725 38.216 0.690477787894 0.379259062432 0.329723510829
23 147.774 28.84 40.447 0.728783238699 0.39322299058 0.347989938069
24 161.482 29.879 42.699 0.80224987932 0.425316576435 0.366248463392
25 174.484 29.747 45.102 0.8158383714 0.428870080031 0.380678440518
26 191.094 31.405 46.89 0.886582343752 0.466629166232 0.391669733551
27 204.772 32.07 48.394 0.91084111432 0.476649971358 0.416199063743
28 220.386 32.76 50.803 0.975132187338 0.475089950916 0.437181315363
29 235.29 33.319 52.875 1.04014674409 0.524837702165 0.463088517429
30 253.022 33.339 54.826 1.07295831398 0.540196041047 0.473372138155
31 267.644 34.41 55.953 1.15613192371 0.573723088417 0.49282059224
32 286.456 35.073 57.781 1.18166701779 0.565652708813 0.518149471557
33 302.486 34.758 59.535 1.23246512904 0.598634976288 0.517158904334
34 319.436 36.106 60.902 1.31015595737 0.625671991095 0.550113384436
35 341.89 37.033 63.345 1.37054971837 0.626501259239 0.572635967217
36 360.782 37.457 65.879 1.43465639614 0.664883513171 0.578191301544
37 376.992 36.988 67.294 1.48374762241 0.6888445876 0.619335721346
38 401.016 38.176 69.947 1.57916219472 0.72048368527 0.6464622684
39 417.482 37.295 69.299 1.64720104641 0.704339473616 0.669525509901
40 442.254 38.267 72.873 1.66593867464 0.730237603769 0.64174746966
41 462.692 38.788 73.627 1.7383769437 0.795514089546 0.699511036861
42 484.562 39.658 75.512 1.88176294144 0.799055157761 0.713280958477
43 503.84 37.697 76.831 1.80046106763 0.767661002275 0.744465911573
44 528.712 40.358 79.312 1.91790471152 0.767987568197 0.735579347846
45 552.022 38.491 82.506 1.93356724276 0.845786394798 0.759748495738
46 572.844 40.158 82.919 2.04383111965 0.827697398198 0.77594381227
47 600.97 40.625 84.343 2.01365309793 0.813645317508 0.739482322375
48 625.826 40.204 86.862 2.13736207804 0.860039358808 0.829564300056
49 645.93 39.345 87.017 2.18485708102 0.897344073021 0.832503773885
50 670.392 39.519 89.238 2.31119934372 0.848653759907 0.842791906818
51 697.382 39.153 88.537 2.37394801231 0.877342857433 0.863281316044
52 721.714 40.048 90.817 2.4280694754 0.943293821794 0.88970813842
53 745.754 38.93 91.909 2.52849854754 0.909052997549 0.921978752369
54 774.576 38.48 94.0 2.46979671143 0.926407972619 0.951265296678
55 791.036 38.817 93.124 2.59808960307 0.971507270882 0.948211031448
56 829.568 38.629 96.654 2.71833162562 0.976810367725 0.952905170657
57 847.544 39.393 95.121 2.67119754423 0.988096739275 0.9729733584
58 879.794 38.607 98.382 2.80137117792 0.996926576333 0.965574321205
59 902.878 38.397 98.49 2.90801562218 0.98847305425 1.01600254536
60 933.984 38.386 98.875 2.9948235454 1.01261875983 1.02321986782
61 959.228 38.729 101.085 3.05637921893 1.05839392369 1.04178751779
62 986.598 39.032 103.072 3.13418381595 1.08609174165 1.08805232313
63 1017.674 38.674 103.667 3.14426542917 1.08605066643 1.09032367521
64 1047.522 36.907 104.033 3.27209278524 1.0607214191 1.11266496949
65 1072.212 37.751 105.388 3.27351450175 1.12919225739 1.08738279936
66 1100.474 37.387 105.682 3.50980509656 1.05985289175 1.11550055019
67 1138.404 38.395 108.567 3.47249630188 1.16572109901 1.11552098414
68 1165.308 38.358 109.137 3.56871593566 1.10768056191 1.16779091434
69 1190.718 36.825 110.681 3.7574193005 1.16641835152 1.17264568985
70 1217.916 35.965 108.973 3.66422721964 1.13613323062 1.17926079856
71 1245.514 35.464 107.835 3.73431388614 1.1603257969 1.18029844337
72 1287.62 35.659 110.975 3.83484192067 1.15208755602 1.23048302893
73 1312.2 36.288 112.077 3.70418237011 1.15345809702 1.24647025118
74 1339.888 36.35 112.301 4.13109387943 1.17169887482 1.22604663098
75 1373.094 36.157 110.998 4.00988568006 1.17314195776 1.2339403084
76 1402.556 35.08 113.783 4.10566237818 1.13194709383 1.22101503747
77 1433.388 34.301 113.179 4.10491917063 1.18782414616 1.27341955866
78 1466.926 33.759 117.125 4.27783406975 1.19403002798 1.3246170803
79 1487.328 34.618 114.071 4.47652749331 1.13938908345 1.28068570495
80 1526.076 34.004 116.338 4.44998472222 1.26520739357 1.28555581511
81 1541.798 32.819 113.78 4.28723673183 1.22526032085 1.35964282207
82 1583.732 31.949 117.389 4.72857603633 1.24153940699 1.28488760293
83 1618.11 32.45 118.115 4.64659021828 1.19881506395 1.37339953046
84 1653.866 31.773 119.387 4.48333072954 1.17484962043 1.3060010834
85 1672.99 31.652 119.36 5.0324764026 1.24745435442 1.32323317901
86 1701.748 32.181 118.932 4.98164336887 1.22034897083 1.35377598901
87 1723.64 31.896 114.827 4.97922355023 1.17973265112 1.33503920305
88 1762.772 31.651 117.12 5.07163135891 1.18048848069 1.331867236
89 1801.278 30.641 120.319 5.09102560765 1.21370752529 1.33359362474
90 1825.06 30.01 118.942 4.84301831613 1.19884945469 1.39871166196
91 1867.218 27.96 121.805 5.26378610395 1.26290040321 1.3437368063
92 1897.16 30.242 120.246 5.24690974745 1.22435903682 1.3328893311
93 1911.758 28.633 118.804 5.35892821818 1.20910832184 1.32398984139
94 1943.888 27.62 119.948 5.36597876105 1.23690913175 1.3701748513
95 1987.918 28.059 118.498 5.51173984075 1.27421717317 1.4161820655
96 2014.106 27.484 120.429 5.50976673095 1.15207088815 1.43402852022
97 2039.98 28.457 118.564 5.51123387299 1.21928378852 1.4114500027
98 2080.464 27.397 120.294 5.76525530438 1.15504624489 1.44165819574
99 2096.47 27.164 117.527 5.49809051429 1.21499059179 1.35591081496
100 2129.596 27.037 115.429 6.02532120269 1.19072358743 1.39283301936
