5 7.97 7.97 0.0 0.187808038423 0.187808038423 0.0
6 11.97 9.49 2.525 0.250618330811 0.196065572049 0.122564207355
7 15.53 10.51 4.77 0.288115519825 0.202123152667 0.174607960009
8 21.26 12.71 8.0 0.363486744002 0.241393567171 0.236069149226
9 26.33 14.285 10.065 0.403695865422 0.238228122166 0.261622066209
10 33.39 16.715 12.945 0.490963057284 0.268943353958 0.345189300626
11 37.67 17.305 13.3 0.562617268625 0.332509681727 0.37248317894
12 46.61 20.485 16.9 0.68423709488 0.38167690696 0.438590707887
13 55.09 22.575 19.045 0.769493405107 0.41470686505 0.509275645812
14 63.18 24.36 21.4 0.802782848289 0.454847702161 0.50955690674
15 72.16 26.325 23.175 1.02131652155 0.503002917162 0.621128714034
16 81.42 27.915 25.325 0.97316661797 0.514257893381 0.591180468836
17 90.62 30.15 27.61 1.071924958 0.52523026776 0.67249591357
18 102.24 32.695 29.455 1.02653831128 0.593312712551 0.659099335968
19 111.17 33.605 30.63 1.34905718055 0.772904770279 0.749851241529
20 124.47 35.78 33.135 1.34410886583 0.713268363797 0.797882798285
21 140.36 39.88 36.99 1.45434783948 0.7707126507 0.848853498141
22 152.71 40.31 38.915 1.5956534869 0.834386302927 0.901945900282
23 164.33 41.31 40.555 1.68670696981 0.873662365933 0.948304424437
24 177.32 43.005 41.79 1.70411503139 0.975027315685 0.984364958671
25 193.37 45.12 45.025 2.1078259299 0.977628141943 1.14203462752
26 203.11 46.325 43.97 2.01265830864 1.01565478793 1.06972757533
27 220.37 49.035 45.81 2.22263719046 0.990694835094 1.17694327705
28 239.66 49.52 50.41 2.08488747392 1.10022747762 1.1286179123
29 256.39 53.235 52.69 2.61728684944 1.1703836398 1.24400855561
30 271.43 54.675 53.375 2.6558885935 1.178896032 1.30168884309
31 287.2 56.435 54.92 2.55484562761 1.22823928193 1.27727253381
32 307.15 57.21 57.97 2.68449624706 1.2168744459 1.3349366198
33 323.01 59.315 56.105 3.00772865437 1.22907771731 1.46255434121
34 340.67 61.085 57.51 3.05116428886 1.49181649585 1.4003228271
35 361.41 61.83 62.115 3.28296340883 1.33162367358 1.47692770719
36 379.2 63.805 63.745 3.3223773047 1.47880668821 1.59312274335
37 398.08 63.675 61.96 3.41924320875 1.46704052929 1.54071770785
38 413.32 66.705 64.465 3.65099119191 1.5527702186 1.51657305931
39 431.46 65.52 64.73 3.88119315437 1.49468001315 1.69674103821
40 453.81 66.595 66.79 3.91901940099 1.54018365902 1.54801850975
41 475.58 68.695 67.155 4.27331535469 1.58884613326 1.75426397256
42 484.62 66.425 64.29 4.04162736516 1.66584726507 1.70002349969
43 512.63 72.235 71.65 4.23710761068 1.71738052111 1.7513060453
44 539.55 72.455 72.26 4.29884728034 1.60466965401 1.75277583152
45 558.9 71.48 73.385 4.02586486853 1.57959603003 1.92242358423
46 581.48 74.885 74.465 4.83738041157 1.62200907587 1.94458244346
47 595.08 74.47 73.965 5.08547720396 1.87267993815 1.95383114823
48 616.65 76.335 74.7 4.77975078722 1.76538858592 2.00437962683
49 626.84 74.7 72.635 5.72086650498 1.96002768927 1.95885026144
50 655.98 75.565 76.75 5.50958944744 1.85646469961 2.09188129125
51 677.87 78.97 72.365 5.00873764174 1.76400227327 1.82166164
52 696.91 78.47 71.065 5.43633407185 2.01224779936 1.96236035575
53 719.98 75.31 76.115 5.65310409683 2.00117289728 2.04566188254
54 730.43 77.505 74.37 5.64719661852 2.04730485292 1.82169105269
55 753.49 79.455 75.36 5.95130993561 2.11926788226 1.985108379
56 773.81 78.49 75.88 5.88083673498 2.10682058202 2.00993212216
57 791.58 77.34 77.015 5.76470965331 2.14375849911 2.04589891904
58 817.78 74.025 71.805 5.98357534166 2.09255004803 2.02579716303
59 846.06 81.245 76.155 6.22185982633 2.09768354531 2.19243901149
60 876.48 83.375 76.275 6.43455245737 2.28635275485 2.0061330274
61 894.05 83.38 78.085 6.59653384695 2.39062826838 2.05470140515
62 903.39 76.845 79.135 6.56118014725 2.19805873123 2.23728880141
63 927.27 81.7 76.77 6.73122443632 2.15110115543 2.16793338825
64 943.87 79.145 74.025 6.99464371527 2.22590275853 2.3655445207
65 956.87 79.175 75.73 7.48988701769 2.42789937019 2.29405732164
66 968.94 73.635 78.85 7.33164011212 2.05071598601 2.37941074163
67 1009.48 82.835 75.27 7.08657503514 2.20242873589 2.1831896586
68 1020.75 82.765 74.185 7.38040918232 2.08020072355 2.1501791149
69 1058.98 81.675 74.945 7.72452844506 2.37035647617 2.34890327771
70 1066.79 81.915 72.945 7.75733593471 2.36748045261 2.28409617831
71 1087.24 81.72 75.05 7.15046556449 2.26921897883 2.27122872021
72 1095.1 80.515 70.97 7.98953775683 2.28114378324 2.27760464404
73 1123.02 82.69 79.875 7.98492285278 2.36522534968 2.3309684564
74 1139.89 84.08 70.825 8.56800402456 2.43935859434 2.3863139665
75 1165.13 82.195 68.645 7.76538612099 2.27026549153 2.03352427571
76 1172.99 81.155 72.175 8.43909301731 2.52216403752 2.15309100583
77 1185.68 80.64 68.94 8.04314296427 2.33829856969 2.34189117411
78 1209.15 80.95 71.105 8.41209272536 2.25132847437 2.3183276495
79 1217.22 77.955 68.79 8.55974909227 2.34923592304 2.32257427358
80 1234.08 78.23 73.655 8.47939080015 2.0339667163 2.35081080314
81 1263.63 77.75 69.155 8.68111885779 2.26367147411 2.03872185671
82 1286.44 76.415 70.825 8.13306620096 2.4607703731 2.35692540438
83 1290.77 78.08 71.53 8.73241149699 2.367677657 2.38143901009
84 1311.09 76.275 69.92 9.07315658146 2.2694268807 2.25045344398
85 1323.48 76.98 64.775 8.6634940205 2.29047580144 2.3179053694
86 1343.72 77.005 67.165 8.37669703799 2.21361135958 2.1945773451
87 1345.6 80.78 66.575 9.28139653328 2.19757929865 2.19840551515
88 1354.26 75.61 66.295 7.95264009132 2.06526416722 2.13171548985
89 1389.91 72.9 64.55 8.96849087881 2.3566648779 2.08899665753
90 1389.36 73.805 61.355 7.70249271144 2.32997398459 1.96319012127
91 1428.44 81.84 63.835 8.81792555283 2.19223664497 1.87422047447
92 1416.21 73.615 61.46 9.0959419689 2.16586906786 2.0122094659
93 1433.6 76.04 59.0 9.68766505776 2.25844968394 2.16896798283
94 1458.57 75.22 61.9 9.30563537588 2.40627487914 1.97434551206
95 1476.72 71.495 60.585 9.41436985671 2.35302646452 2.08533136685
96 1475.36 73.11 59.1 9.23294037345 2.43255547329 1.95148442404
97 1506.03 79.79 60.925 9.12593606406 2.51094678734 1.96211527612
98 1518.5 74.22 56.865 9.15506559947 2.24421265754 1.95833071029
99 1506.7 70.815 54.375 8.49840363372 2.18842406182 1.95860987391
100 1524.86 68.675 56.07 9.84713829817 2.05607248054 2.00368391874
