5 21.48 21.48 21.48 0.934466844157 0.934466844157 0.934466844157
6 34.06 26.35 26.48 1.7278362717 1.35537649919 1.3498582043
7 46.72 30.62 31.84 2.21409990376 1.59036111775 1.52538917041
8 64.96 37.8 39.47 3.14773992996 1.95370665581 1.908696472
9 98.5 53.12 53.58 3.90082871278 2.54154490518 2.53082730914
10 130.78 61.72 69.06 5.14963134897 2.99245110843 3.18429923471
11 177.14 85.16 81.25 7.12118790454 4.09887198082 4.06938247617
12 222.38 107.85 85.51 7.64974126452 4.9319280349 4.68909103638
13 266.16 119.12 97.46 10.6454212664 6.41466564628 5.54588609018
14 325.86 128.37 123.41 11.5298560181 7.02593543145 6.5111574015
15 396.64 159.55 139.37 14.1635719971 8.5904148487 6.87088212765
16 500.82 187.92 160.78 16.9536288538 10.4068807852 8.09452464898
17 559.26 196.29 184.54 19.0629293858 11.0661217007 10.0101405151
18 661.2 229.68 195.84 19.2631327366 11.1703601309 9.65429427663
19 820.58 255.45 263.77 24.4529033206 15.1492199019 12.5322924697
20 915.32 265.15 278.38 23.2460917971 15.1603375072 12.4905603145
21 1109.72 318.8 317.59 29.6021978436 16.354525522 15.9631652705
22 1310.34 391.76 372.87 32.5745771231 20.9275572035 17.1576095849
23 1403.68 387.59 367.06 40.1614491267 24.5532449459 17.8476369712
24 1582.98 419.85 448.16 46.8296849221 26.4443244947 20.3123822514
25 1804.42 435.31 448.03 43.4409693048 25.3207412685 21.2206848536
26 2070.18 516.65 544.8 55.1454062851 29.3080275658 27.1871293078
27 2245.06 534.83 558.81 53.0850086696 31.7908031139 27.163198124
28 2638.84 576.65 678.96 65.8578523117 35.6095815474 32.0960582243
29 2820.86 607.62 668.18 69.6823688553 36.4874706045 29.4351002593
30 3176.32 662.68 691.73 63.7350622309 41.4648491271 32.5471557044
31 3352.64 655.48 752.03 72.0356695034 40.9077194562 31.8917945021
32 3816.16 702.66 825.32 86.4964514015 44.1819795524 39.3158406917
33 4103.54 767.15 907.02 97.0838889775 49.2141504144 43.0828705327
34 4659.82 874.19 1027.78 94.5651572497 58.2474548713 39.6699758742
35 5149.04 962.0 1073.64 94.6889494902 55.9201270211 44.077536183
36 5642.46 882.92 1202.9 116.271166354 57.6567423235 54.6940775698
37 5772.18 950.95 1143.63 105.675902837 62.1752303388 53.5293003028
38 6342.18 972.13 1308.77 135.178418859 64.8932466876 61.7166723623
39 7030.4 1111.09 1299.12 142.280218604 72.6123178673 55.1492983371
40 7683.06 1210.79 1397.24 136.298085256 75.9179026211 63.6126744248
41 7885.96 1079.74 1410.21 164.927502849 71.1733402875 66.9220250242
42 8490.56 1128.4 1490.38 168.785226219 74.9015785191 81.7617699555
43 9304.38 1116.52 1601.27 192.477287014 71.9364386669 79.0293231029
44 9964.48 1233.59 1646.66 167.453406443 94.9842997074 67.4445484465
45 10264.66 1307.89 1668.74 180.112649498 91.6368413132 78.6511574594
46 11136.66 1349.08 1787.38 211.640007016 87.8813142249 98.6261360038
47 11365.74 1182.39 1813.35 212.775985307 93.0331969587 89.3344768979
48 12320.94 1345.14 1960.32 210.488573466 99.701464504 102.6407906
49 13075.46 1440.7 1885.11 222.241000963 114.878237251 89.0717550885
50 13949.0 1599.37 2093.68 239.770463468 113.757651007 105.825749554
51 14596.36 1458.62 2221.6 280.974679301 104.625710748 107.383327337
52 15659.98 1399.67 2290.34 250.540659004 104.865216094 103.8089545
53 16450.5 1496.33 2287.51 277.973890751 116.618603134 112.328909629
54 17227.68 1561.83 2330.78 266.289139914 136.478548324 121.728883702
55 18202.64 1763.53 2330.97 270.830742746 140.833245799 124.317475189
56 18960.58 1414.53 2561.18 322.616244865 129.260792258 138.58144845
57 20182.62 1490.89 2631.87 349.156432997 122.157121786 133.210974656
58 20797.3 1555.32 2466.27 317.815416062 121.39383014 134.392678714
59 21714.24 1717.91 2652.92 312.038805253 131.747694358 132.621986294
60 23064.74 1683.63 2594.04 403.84007101 131.113876524 153.45086926
61 23971.9 1679.44 2773.95 368.472709541 134.749158892 146.519732442
62 25159.82 1776.91 3182.23 457.939086501 161.151595043 175.627424088
63 26789.38 1702.26 3070.67 460.415889023 149.200672014 171.083703924
64 26463.06 1893.3 2624.63 443.223323289 171.975621657 156.25111145
65 27891.06 1549.36 2998.8 501.986220146 149.383884517 159.589568911
66 29099.96 1415.74 3162.07 524.779516553 154.556413564 189.285862196
67 30047.02 1738.94 3086.71 456.508098544 150.622110481 188.763123054
68 31267.5 1475.06 3255.89 476.289258834 135.606928118 184.614621205
69 31285.14 1735.21 3056.77 503.302887504 148.365334849 170.253132311
70 32670.28 1699.93 2949.76 553.840587516 160.431471418 158.358355994
71 35146.08 1570.68 3251.54 621.964955926 150.486944217 215.006661123
72 35211.74 1711.88 3295.05 610.886733309 166.517882851 233.587775717
73 36523.58 1448.71 3824.9 570.461292905 163.653632324 221.977108429
74 37384.06 1417.13 2997.37 539.263076261 142.537525561 171.848943332
75 39643.32 1680.69 3633.26 624.54823315 163.638208163 239.448702513
76 41050.96 1732.5 3308.22 568.115586816 171.126874487 218.81392103
77 42144.42 1864.09 3353.47 730.291698353 200.847242871 203.368892795
78 43529.08 1673.11 3441.87 745.248471572 163.183409173 228.698682561
79 43224.04 1557.51 3222.45 736.251374497 159.812447838 233.633738818
80 46260.74 1329.31 3560.43 628.992230143 141.502302294 233.743731836
81 46268.02 1545.69 3219.83 727.264802757 162.933782606 202.78785305
82 46903.74 1330.3 4019.61 688.438423062 145.345183351 258.108884664
83 49248.72 1164.59 3914.24 779.479572831 122.246797975 278.018217963
84 51001.56 1331.42 3987.81 744.264584527 124.855120225 251.433394877
85 51766.46 1453.31 3344.95 879.851161819 167.033410857 238.613256837
86 54144.5 1672.12 3532.7 796.754204079 179.752547799 252.145898722
87 54097.38 1385.22 3441.25 827.956860583 156.783843723 212.965515478
88 55375.92 1624.31 3357.53 917.943448851 183.106441802 245.800395104
89 57791.78 1565.07 3575.73 841.069777619 172.961181641 247.715939817
90 57838.74 1394.86 3132.24 838.911539457 156.104380399 217.463741838
91 59753.4 1405.98 2954.82 915.523276988 158.955039689 222.810508058
92 60964.76 1317.9 3650.48 934.634764847 147.848614563 254.129700235
93 61363.44 1244.44 3652.5 1054.60268859 152.553313959 245.256043285
94 63698.16 1751.53 2859.23 901.651274693 202.256235351 210.811317262
95 65011.52 1424.93 3222.64 998.068501574 185.279487085 226.882458564
96 64821.26 1049.7 3506.76 1027.38162381 159.736919763 266.177182624
97 65826.3 1075.39 3253.37 955.664737872 135.897289569 270.034570048
98 68819.76 1272.98 3743.29 925.041092303 150.309911486 289.234923669
99 67754.0 1031.32 3176.31 1089.09190084 147.622845184 233.22281482
100 71980.44 1268.15 3062.09 1165.41816749 170.281251229 243.691558276
