5 21.08 21.08 21.08 1.05922403464 1.05922403464 1.05922403464
6 33.92 27.11 27.68 1.38006587458 1.03444661437 1.22950922294
7 52.78 35.01 35.71 2.18107470498 1.52802077039 1.65537355789
8 73.88 42.8 44.91 3.09262008496 2.07787770515 2.04421306881
9 106.72 58.09 57.21 4.00439354669 2.43878985556 2.56165567514
10 132.0 65.51 66.49 5.87918774023 3.09429239965 3.74701214303
11 180.04 84.22 83.63 5.68549314688 4.02290361994 3.4000491678
12 216.94 94.37 95.99 7.82621623814 4.70176530355 4.84195667519
13 269.66 110.1 111.04 10.7852894577 6.72012656206 5.74844590329
14 371.46 151.32 144.55 12.8066224977 7.25048072248 7.64550934414
15 449.28 177.55 164.65 13.2059221487 9.50357056771 7.22592659467
16 543.34 197.02 197.22 17.0844144226 10.0130821499 10.3797353073
17 644.82 221.81 230.73 23.9951357865 13.2088483888 11.8654736802
18 722.24 246.94 225.12 22.2115318124 13.1353468692 11.7455968969
19 877.64 286.46 285.75 26.3121492083 16.0456131391 15.4163783757
20 1043.18 332.6 313.28 29.1549686671 17.6783437681 15.6184886554
21 1189.12 375.97 340.56 31.0396464626 19.3307336549 14.7258469942
22 1346.68 381.89 415.72 36.6666139945 21.0713549396 20.4305083815
23 1564.9 449.92 439.16 42.8139444385 23.2160414761 21.3508910703
24 1727.02 477.35 478.59 44.4899670451 25.0761602549 22.5046037714
25 1992.92 499.08 548.91 44.3620952042 28.8966835328 24.7030039273
26 2268.48 609.42 619.09 54.8944634473 33.8751217673 24.8136981353
27 2526.66 647.67 619.77 56.5982692743 36.2495198296 30.7757836553
28 2757.24 684.09 700.33 64.8310112851 36.0369369852 31.4007883032
29 3176.44 766.02 763.92 74.8336313958 38.4274469986 34.1062264525
30 3513.74 770.99 888.82 84.9126070282 40.7318392202 40.3536922822
31 3742.16 842.57 783.73 83.1821983675 47.3811842103 38.1608870971
32 4223.12 897.52 968.63 97.5629144644 54.5718847212 43.3882441254
33 4577.3 921.4 965.27 101.584109053 50.4421540885 39.4944794889
34 5064.48 996.35 1009.47 111.484756833 57.8423359948 46.8024981095
35 5241.4 998.14 1171.81 106.066540959 57.8418062434 51.1526250499
36 6154.8 1127.13 1242.05 125.957517289 66.089951948 57.4068545075
37 6348.54 1055.3 1257.37 119.814212593 55.318531244 54.1841149613
38 6634.34 1123.04 1263.61 121.036266558 68.7141464564 60.6940462609
39 7566.66 1300.97 1417.3 149.323449497 70.3474342536 61.129730405
40 7988.9 1254.37 1471.9 144.050348591 70.9374196462 76.0868224166
41 8611.2 1318.78 1608.58 177.784252407 90.0007615905 72.2820306546
42 9064.74 1421.76 1632.48 184.868926879 91.0051137646 73.8059871104
43 10116.16 1560.04 1761.58 180.195726762 85.6489404134 89.5606709094
44 10414.68 1559.87 1765.89 193.645631195 98.2009891688 80.0709090984
45 11468.44 1575.77 1877.54 208.330168374 86.3255640063 87.5219053908
46 12342.38 1615.16 2078.29 189.406566492 95.3275922408 100.265288811
47 12514.18 1642.6 2108.5 228.5341008 96.1941712676 96.604412033
48 13509.18 1902.06 2172.39 234.664306281 128.17217809 104.006832424
49 14076.98 1711.31 2127.2 253.354907367 110.071916523 103.437773223
50 15135.58 1720.69 2259.21 242.594123847 119.271592031 95.2378874772
51 16176.7 2083.22 2287.0 285.487558681 124.875447911 116.900251013
52 16733.02 1885.9 2380.09 274.7416851 122.762927892 119.710306127
53 17795.6 1864.21 2686.56 296.825987863 129.340451456 139.236682674
54 18691.82 2079.62 2811.62 293.322659716 125.443194742 128.242981008
55 19578.3 2069.66 2706.98 280.297333292 147.138560561 135.290797152
56 20212.74 2036.66 2660.28 321.320838 136.626605525 138.560977409
57 21855.7 2150.87 2785.79 377.724773272 158.336630049 153.984296914
58 22399.54 2003.11 3114.11 363.393976429 143.31002622 159.419734337
59 23893.2 2296.36 3202.57 420.961195457 144.30613539 174.104380195
60 24523.02 2075.47 3061.43 378.853375326 143.494414388 164.099762866
61 26328.24 2420.04 2875.24 429.668759691 193.820915947 153.683387718
62 27210.18 2389.35 3393.25 399.8293829 184.178365664 191.163252658
63 28272.18 2252.88 3315.14 477.426689783 152.754674435 174.635286922
64 29102.26 2372.67 3230.81 518.107617739 168.764154396 184.056181967
65 31229.98 2415.52 3553.14 491.619125381 178.743047039 173.200314939
66 32208.4 2315.56 3450.78 503.447656292 181.523934655 195.902329602
67 33386.0 2604.24 3592.75 512.557453789 179.424448589 165.765948164
68 34038.86 2317.19 3347.67 518.153204796 180.04921364 207.483993811
69 35744.46 2359.89 3524.49 531.726842499 170.451346709 200.546499052
70 37062.2 2314.68 3927.21 548.339303274 177.318939881 190.701511064
71 39039.5 2412.36 3732.34 577.285631996 196.771552678 204.386222934
72 39010.12 2637.14 3280.26 501.445288773 187.182209085 183.84107246
73 41483.3 2343.03 4264.17 586.444147452 186.307377416 236.215653077
74 42805.38 2751.14 3939.29 700.801969864 226.545135432 227.208251511
75 43340.28 2424.0 3902.22 696.439803004 231.072971115 238.402049251
76 44597.34 2515.77 4041.46 603.452540077 191.063517312 241.11914923
77 46348.68 2896.28 4036.15 740.714605666 233.772665656 241.915014034
78 47566.54 2486.7 4383.26 781.47992412 227.344094431 259.202600693
79 50217.02 2745.83 4207.09 786.069070651 226.328810619 256.33004218
80 52094.16 2667.57 4278.75 733.203364615 225.558657853 283.262450447
81 53477.08 2507.56 4351.35 741.457611896 227.446723841 272.965642702
82 54915.26 2544.62 4384.95 865.876094738 219.433446241 273.635277562
83 56983.72 2699.07 4695.77 887.389005844 237.798837937 300.56413553
84 58765.3 2901.51 4593.28 822.755730347 242.390929546 281.680007961
85 59299.44 2605.66 4367.21 899.542494751 222.94471445 278.027117817
86 60303.48 2881.73 4611.38 959.071476727 293.802086499 281.981377629
87 62955.04 2530.16 4140.57 852.691610733 223.861082339 320.114097164
88 64918.92 2340.6 4367.36 937.556206281 214.004992862 275.32706887
89 64350.32 2817.05 3892.31 929.157930806 264.685516226 236.851308978
90 67247.88 2161.87 4737.94 886.241160521 198.358913377 308.242946889
91 69832.34 2345.61 4367.29 1027.53588275 221.975645172 288.90408191
92 71085.06 2251.41 4439.5 1035.11648394 249.724529887 338.30237461
93 72931.48 1976.09 4522.07 1135.52747166 200.384703289 284.230370805
94 74380.28 2975.41 4912.87 1184.78970491 272.27863109 321.55825325
95 75224.66 2613.77 4346.35 1091.09000307 252.859545336 333.109229932
96 76700.38 2426.58 4999.3 1149.93545772 225.751647837 293.223393482
97 77063.5 2421.05 4304.18 1117.39491744 231.254494196 287.709850117
98 80241.54 2462.72 4881.34 1028.59006131 235.057260628 322.772045846
99 80923.86 2192.4 4155.05 1230.75637654 242.162017307 336.875781853
100 82384.7 2132.03 4457.54 1243.17984019 216.35439196 308.151061742
