5 19.7 19.7 19.7 1.05922403464 1.05922403464 1.05922403464
6 32.38 26.57 22.91 1.38006587458 1.03444661437 1.22950922294
7 46.82 33.0 27.92 2.18107470498 1.52802077039 1.65537355789
8 72.1 43.25 39.75 3.09262008496 2.07787770515 2.04421306881
9 96.08 53.18 49.36 4.00439354669 2.43878985556 2.56165567514
10 127.38 65.74 61.64 5.87918774023 3.09429239965 3.74701214303
11 172.08 80.17 82.23 5.68549314688 4.02290361994 3.4000491678
12 204.34 87.28 93.16 7.82621623814 4.70176530355 4.84195667519
13 269.28 104.27 127.44 10.7852894577 6.72012656206 5.74844590329
14 338.24 127.65 142.4 12.8066224977 7.25048072248 7.64550934414
15 418.6 137.79 180.07 13.2059221487 9.50357056771 7.22592659467
16 474.44 147.43 192.7 17.0844144226 10.0130821499 10.3797353073
17 580.6 178.61 228.17 23.9951357865 13.2088483888 11.8654736802
18 717.96 211.68 271.88 22.2115318124 13.1353468692 11.7455968969
19 812.6 213.62 296.43 26.3121492083 16.0456131391 15.4163783757
20 955.42 242.46 366.4 29.1549686671 17.6783437681 15.6184886554
21 1125.96 274.98 403.87 31.0396464626 19.3307336549 14.7258469942
22 1322.16 281.62 445.94 36.6666139945 21.0713549396 20.4305083815
23 1445.34 262.93 496.95 42.8139444385 23.2160414761 21.3508910703
24 1701.3 305.73 567.29 44.4899670451 25.0761602549 22.5046037714
25 1955.36 386.62 648.51 44.3620952042 28.8966835328 24.7030039273
26 2097.34 355.79 629.17 54.8944634473 33.8751217673 24.8136981353
27 2434.62 414.1 717.87 56.5982692743 36.2495198296 30.7757836553
28 2700.08 433.64 757.03 64.8310112851 36.0369369852 31.4007883032
29 3058.92 453.86 840.41 74.8336313958 38.4274469986 34.1062264525
30 3292.1 438.9 867.38 84.9126070282 40.7318392202 40.3536922822
31 3611.96 412.41 956.13 83.1821983675 47.3811842103 38.1608870971
32 4163.84 518.71 1061.15 97.5629144644 54.5718847212 43.3882441254
33 4273.4 465.04 1041.72 101.584109053 50.4421540885 39.4944794889
34 4790.1 474.95 1137.79 111.484756833 57.8423359948 46.8024981095
35 5139.18 544.87 1221.68 106.066540959 57.8418062434 51.1526250499
36 5725.5 581.49 1289.57 125.957517289 66.089951948 57.4068545075
37 6023.78 544.65 1329.67 119.814212593 55.318531244 54.1841149613
38 6521.96 630.69 1442.25 121.036266558 68.7141464564 60.6940462609
39 7100.5 617.0 1518.21 149.323449497 70.3474342536 61.129730405
40 7707.22 666.83 1639.85 144.050348591 70.9374196462 76.0868224166
41 8255.46 567.84 1756.41 177.784252407 90.0007615905 72.2820306546
42 8682.8 603.0 1736.78 184.868926879 91.0051137646 73.8059871104
43 9352.34 659.93 1780.18 180.195726762 85.6489404134 89.5606709094
44 10109.98 747.17 1901.23 193.645631195 98.2009891688 80.0709090984
45 10563.76 731.23 1955.11 208.330168374 86.3255640063 87.5219053908
46 11766.14 780.13 2337.94 189.406566492 95.3275922408 100.265288811
47 12263.48 738.36 2293.27 228.5341008 96.1941712676 96.604412033
48 12969.68 855.49 2366.83 234.664306281 128.17217809 104.006832424
49 13687.02 831.21 2274.47 253.354907367 110.071916523 103.437773223
50 14407.18 855.07 2353.56 242.594123847 119.271592031 95.2378874772
51 14982.32 932.53 2426.49 285.487558681 124.875447911 116.900251013
52 15928.66 682.55 2465.67 274.7416851 122.762927892 119.710306127
53 17039.5 814.6 2728.38 296.825987863 129.340451456 139.236682674
54 17936.3 825.37 2689.35 293.322659716 125.443194742 128.242981008
55 18240.54 909.09 2541.86 280.297333292 147.138560561 135.290797152
56 19136.52 761.9 3041.99 321.320838 136.626605525 138.560977409
57 20109.6 756.26 2931.98 377.724773272 158.336630049 153.984296914
58 21424.64 840.52 3149.39 363.393976429 143.31002622 159.419734337
59 22415.4 916.62 3406.06 420.961195457 144.30613539 174.104380195
60 22952.7 900.81 3130.83 378.853375326 143.494414388 164.099762866
61 24077.26 807.63 3427.06 429.668759691 193.820915947 153.683387718
62 25028.24 767.1 3186.7 399.8293829 184.178365664 191.163252658
63 26118.76 856.53 3377.25 477.426689783 152.754674435 174.635286922
64 28076.9 774.79 3478.36 518.107617739 168.764154396 184.056181967
65 29444.74 906.27 3625.4 491.619125381 178.743047039 173.200314939
66 30143.96 969.71 3900.86 503.447656292 181.523934655 195.902329602
67 31221.0 825.02 3496.97 512.557453789 179.424448589 165.765948164
68 31840.92 942.81 3965.62 518.153204796 180.04921364 207.483993811
69 32573.5 686.63 4123.26 531.726842499 170.451346709 200.546499052
70 34083.58 801.65 4051.59 548.339303274 177.318939881 190.701511064
71 35834.24 1107.55 4053.33 577.285631996 196.771552678 204.386222934
72 36223.18 800.76 4243.36 501.445288773 187.182209085 183.84107246
73 37946.4 744.93 3841.78 586.444147452 186.307377416 236.215653077
74 40024.1 796.81 4310.38 700.801969864 226.545135432 227.208251511
75 40206.02 599.67 3935.95 696.439803004 231.072971115 238.402049251
76 42314.56 891.09 3957.59 603.452540077 191.063517312 241.11914923
77 42771.26 729.38 4232.73 740.714605666 233.772665656 241.915014034
78 45234.86 831.09 4399.78 781.47992412 227.344094431 259.202600693
79 46149.38 872.18 4545.4 786.069070651 226.328810619 256.33004218
80 49503.0 829.5 4791.3 733.203364615 225.558657853 283.262450447
81 50090.26 728.92 5307.83 741.457611896 227.446723841 272.965642702
82 50958.58 752.87 4492.28 865.876094738 219.433446241 273.635277562
83 50328.04 766.67 4413.24 887.389005844 237.798837937 300.56413553
84 52387.14 767.94 4317.96 822.755730347 242.390929546 281.680007961
85 55591.16 746.37 4874.71 899.542494751 222.94471445 278.027117817
86 56721.5 731.7 5024.87 959.071476727 293.802086499 281.981377629
87 57736.42 782.66 4773.32 852.691610733 223.861082339 320.114097164
88 57595.32 854.45 5016.35 937.556206281 214.004992862 275.32706887
89 61421.12 738.86 4986.59 929.157930806 264.685516226 236.851308978
90 61643.74 675.89 5252.43 886.241160521 198.358913377 308.242946889
91 64872.68 886.21 5495.94 1027.53588275 221.975645172 288.90408191
92 63993.42 471.45 5437.22 1035.11648394 249.724529887 338.30237461
93 64970.36 609.42 5244.3 1135.52747166 200.384703289 284.230370805
94 68892.8 732.08 5538.67 1184.78970491 272.27863109 321.55825325
95 68960.44 688.68 5234.42 1091.09000307 252.859545336 333.109229932
96 69344.82 516.29 4875.8 1149.93545772 225.751647837 293.223393482
97 71730.26 672.06 5572.43 1117.39491744 231.254494196 287.709850117
98 72111.12 688.88 5063.01 1028.59006131 235.057260628 322.772045846
99 74677.04 629.46 5536.35 1230.75637654 242.162017307 336.875781853
100 75623.8 392.75 5424.05 1243.17984019 216.35439196 308.151061742
