2 1.23417721519 1.23417721519 1.23417721519
3 4.28481012658 2.75316455696 2.50949367089
4 10.8101265823 5.66772151899 5.14240506329
5 21.1265822785 8.88924050633 9.17721518987
6 34.7974683544 12.6803797468 13.4050632911
7 55.3164556962 18.167721519 19.7278481013
8 78.8227848101 24.3291139241 23.2088607595
9 106.563291139 29.1329113924 28.1582278481
10 135.386075949 33.8006329114 33.3101265823
11 171.702531646 37.8829113924 40.1392405063
12 210.860759494 43.9778481013 40.2436708861
13 254.829113924 46.8259493671 45.6803797468
14 313.46835443 59.3607594937 56.1518987342
15 360.841772152 62.4493670886 58.417721519
16 399.462025316 54.496835443 58.3702531646
17 451.303797468 59.4018987342 59.8449367089
18 491.664556962 54.4683544304 59.7943037975
19 564.474683544 57.7721518987 66.7341772152
20 612.03164557 55.9050632911 65.3101265823
21 633.512658228 47.0189873418 60.835443038
22 665.056962025 47.6107594937 67.1360759494
23 702.784810127 48.4113924051 59.3987341772
24 722.379746835 41.0284810127 55.2373417722
25 768.082278481 41.5917721519 52.2816455696
26 763.113924051 31.9018987342 49.4810126582
27 776.829113924 26.5094936709 51.75
28 763.841772152 23.8481012658 48.8892405063
29 793.860759494 20.3291139241 53.3132911392
30 797.797468354 19.3481012658 53.3481012658
