2 1.13924050633 1.13924050633 1.13924050633
3 4.25949367089 2.46835443038 2.42721518987
4 9.6835443038 4.78481012658 4.89873417722
5 18.6202531646 8.03481012658 8.4335443038
6 31.2594936709 12.503164557 12.5284810127
7 50.5379746835 18.4936708861 17.9936708861
8 74.1012658228 23.9208860759 25.3734177215
9 100.537974684 31.8797468354 30.4841772152
10 129.392405063 37.1202531646 33.5981012658
11 156.759493671 41.4873417722 32.2848101266
12 190.17721519 46.832278481 40.8924050633
13 227.379746835 51.4936708861 43.3259493671
14 269.860759494 51.4272151899 43.2943037975
15 302.898734177 56.1930379747 51.1202531646
16 336.32278481 58.8006329114 45.9810126582
17 375.037974684 55.9272151899 47.6170886076
18 397.082278481 48.585443038 42.0981012658
19 423.734177215 59.1930379747 38.9936708861
20 440.012658228 55.7848101266 38.8670886076
21 450.018987342 52.085443038 37.2120253165
22 462.196202532 42.8987341772 34.8196202532
23 493.170886076 50.7594936709 31.7310126582
24 485.715189873 49.1993670886 27.9620253165
25 495.183544304 50.2088607595 20.8575949367
26 498.050632911 48.3955696203 18.335443038
27 503.613924051 35.6993670886 20.3291139241
28 491.348101266 44.2151898734 14.7943037975
29 481.905063291 44.7120253165 10.1613924051
30 482.886075949 38.8607594937 11.7056962025
