score_metric draw_metric position_metric var_pow draw_pow 
664.144847114 12.8297475497 236.0 1.17804063212 0.584735187529 
686.283857726 11.5689098923 260.0 1.16852958009 0.522696722077 
689.335497445 9.1933040943 288.0 1.16695048378 0.561025709434 
690.363710845 7.12382857828 272.0 1.10148964331 0.481441442546 
692.637526711 4.18499654713 326.0 1.09765262057 0.46657673773 
693.17760542 11.1138591173 316.0 1.13390954012 0.514193122912 
695.344134432 2.6126183909 326.0 1.20015035484 0.510038891667 
696.289560288 7.30470777844 322.0 1.22714603695 0.537198836459 
697.77883981 5.42490929046 322.0 1.14224452892 0.417738636889 
698.215964498 0.116575807494 322.0 1.1423216748 0.446079426471 
700.551236089 18.8847078198 314.0 1.072717747 0.532143596017 
701.595533162 1.3989645269 278.0 1.13370759171 0.484369387082 
707.103730416 19.4476956846 274.0 1.09851967747 0.60469516271 
707.260452083 6.14795736013 260.0 1.19509526518 0.443454211762 
707.523849762 5.34055202367 266.0 1.11128220109 0.46762717168 
708.243873048 5.56007514275 288.0 1.22356036226 0.436802694737 
710.967156248 5.89156621171 326.0 1.1680512002 0.49882667803 
711.455239942 8.13927265852 294.0 1.1488803693 0.501997065187 
711.464961025 4.06468895839 260.0 1.1971302767 0.541361063559 
711.472761378 9.10508925319 292.0 1.09819523042 0.427359982388 
712.736265691 19.7563218402 286.0 1.2241645724 0.602467608717 
713.554461741 1.11272928749 310.0 1.05584161855 0.435099426746 
713.739066235 19.5519075982 300.0 1.04771333611 0.547084533277 
714.624364594 1.61497209294 246.0 1.22435333193 0.471632782073 
716.112472192 6.25858978963 312.0 1.24270423176 0.532746456271 
716.521006539 16.4861174343 258.0 1.14705418559 0.405948784569 
717.04656116 15.3884655149 296.0 1.15835960499 0.58311775635 
719.948204695 11.5962005029 314.0 1.11469198643 0.505285695088 
720.011340779 4.13306747337 260.0 1.187046135 0.433114489092 
720.045986897 18.9600245246 298.0 1.15305710431 0.390991014784 
720.158973694 21.7204777083 316.0 1.15929065958 0.57728356489 
720.170647927 11.6287460623 298.0 1.20874126636 0.600240401921 
720.25618845 10.492604875 294.0 1.08726019464 0.534252999496 
722.915132884 1.95171798066 282.0 1.22584426878 0.456413549708 
723.010405036 0.049102271672 276.0 1.19209677175 0.490742828654 
726.200109266 15.5805377704 314.0 1.16484458778 0.555034351529 
726.206381619 14.2708695206 296.0 1.18702074523 0.610124630652 
726.532344133 3.7739287941 316.0 1.08277473562 0.437185466266 
726.533521755 21.5999672252 272.0 1.1623557761 0.584496241807 
727.738091439 0.413826209203 288.0 1.15289426022 0.455513791294 
728.157444588 19.607282294 288.0 1.18050705472 0.582036063161 
728.512006242 0.497297904988 320.0 1.03935607739 0.409838370713 
729.863252171 6.69160925719 330.0 1.2605897835 0.497766814841 
729.981918819 27.1070080592 244.0 1.28468888745 0.381200353899 
731.993419058 23.4957802817 320.0 1.16080336928 0.318336443045 
732.668481587 1.89361173354 274.0 1.08423578379 0.431439175227 
733.111573444 2.62819819284 300.0 1.21929084257 0.549804240241 
734.002276005 13.7215050426 328.0 1.19975661096 0.60334736372 
734.087953842 2.31623608462 274.0 1.0582600211 0.438258184337 
734.879118233 7.68130166562 300.0 1.22508376211 0.585787928341 
735.495139041 8.55693734614 304.0 1.07651355003 0.531089862624 
735.622874425 4.56808250228 292.0 1.23520348302 0.513331581891 
735.640437835 14.7071260142 312.0 1.22585209067 0.626401261363 
736.180822762 34.4434237182 300.0 1.03434481742 0.654970098364 
739.194409569 0.130319338634 316.0 1.26665419723 0.492251825571 
739.3287224 10.8748225871 306.0 1.1 0.507154569155 
740.191776146 16.6183265527 288.0 1.00764159624 0.527530552589 
740.711406875 10.5105010804 268.0 1.13362630184 0.509274158266 
741.520524565 11.3303802945 348.0 1.08026488917 0.550327245335 
741.910793571 15.5330396775 316.0 1.12446371357 0.396005667095 
742.326169517 16.3202602116 298.0 1.18771883389 0.425199904987 
742.631188675 24.1611480291 308.0 1.0818454909 0.624750878835 
742.703911878 11.6079231542 310.0 1.19963019433 0.549193605478 
742.84340763 23.2942886885 258.0 1.21854991801 0.620949972243 
742.967312669 11.4742926102 338.0 1.19903455657 0.398314080923 
743.393461816 15.7823663207 316.0 1.09757624879 0.521889020005 
743.667058296 12.6089641853 304.0 1.26629138333 0.477671174612 
743.915413394 2.36883547413 316.0 1.13440942583 0.429342587572 
744.357557936 21.9284534379 304.0 1.13789632057 0.357678071723 
744.584469955 17.2029118328 288.0 1.19866766079 0.408978609026 
744.931224091 4.52961424763 276.0 1.21184629658 0.448450006129 
746.002184745 7.82908957807 314.0 1.08601973347 0.526234080388 
746.137765305 9.30455835685 302.0 1.08019822135 0.407402019437 
750.967577867 30.4336656365 238.0 1.19973976341 0.28165312447 
753.619057033 29.7065925774 282.0 1.03144701704 0.575770624027 
756.054454485 21.9963543972 286.0 1.24180305659 0.634907083233 
756.34307409 23.8337106742 294.0 1.24281675959 0.382607941058 
758.539531566 0.0652646405995 318.0 1.26344951888 0.491767378803 
759.077954341 0.96131607577 342.0 1.32630305765 0.587326971913 
759.130258984 14.8882914241 248.0 1.15082191522 0.599697618361 
760.17428086 2.36248017961 324.0 1.04861868621 0.416802376052 
760.327601964 30.452488412 318.0 1.06836010719 0.646837996783 
760.69245259 9.74747317878 274.0 1.19947428597 0.399380288518 
761.462978392 25.4467590975 298.0 1.26259797646 0.318445116303 
762.41491943 17.273358746 330.0 1.16164861448 0.406613541446 
763.126250599 2.08514110988 280.0 1.28127053063 0.518798527024 
763.762159008 28.7614679264 254.0 1.16694132909 0.682825422133 
763.828090028 12.1401996648 326.0 1.16621594548 0.533636934667 
765.767299765 30.0980136465 282.0 1.13929078201 0.675065632329 
766.246602871 21.7701142511 300.0 1.16914958689 0.643907488166 
766.842427646 10.4520835941 314.0 1.26767541281 0.620176529623 
766.917983643 22.5762946289 286.0 1.27456968383 0.703980695547 
767.67060813 13.2930464851 258.0 1.03253845869 0.532881156502 
768.357890515 25.9303285005 304.0 1.13161912634 0.612453668019 
769.204382703 10.6312480268 258.0 1.25609937479 0.622301698398 
769.471550211 20.4560946278 260.0 1.15239327246 0.323778425973 
769.921440193 29.078528105 286.0 1.06933657313 0.634402727444 
771.721217207 6.42001584279 324.0 1.00014059517 0.492209781567 
774.227390391 24.9733200716 312.0 1.01507786133 0.561266194036 
776.270995569 6.02486291 248.0 1.3 0.6 
776.440219513 32.3221350263 288.0 1.31174470671 0.289711268682 
777.453698786 20.7307161412 260.0 0.943756158768 0.53311600759 
778.363879237 27.4438699235 326.0 1.27067480041 0.370030504154 
779.347454933 21.3816115273 276.0 1.2995842846 0.701435058051 
779.404975765 12.3094180478 318.0 1.05002516812 0.344889644023 
781.450731955 24.2593332727 252.0 1.30089560511 0.411266608304 
783.483652964 22.2753780887 344.0 1.17249987116 0.654442672066 
785.539565929 19.3107174943 302.0 0.993087101581 0.529715444491 
785.969667709 20.5813018772 306.0 1.05054707894 0.355879441244 
786.453482697 46.9964786189 272.0 1.09649796077 0.228075238775 
787.531536624 33.8118821244 290.0 1.27218430272 0.331088244619 
787.857938862 8.40611997454 300.0 1.38233416248 0.47831540548 
789.299041691 14.8759619716 296.0 1.24168518729 0.440379580677 
809.349637905 43.4311400401 272.0 1.26477380286 0.270084464563 
809.43742728 19.7976309469 306.0 1.27871720368 0.692546629977 
812.90091713 9.49161033245 350.0 1.43415934233 0.691362374936 
815.360420336 37.2110354818 242.0 1.12851459396 0.669944476394 
816.179886175 22.1298575111 326.0 0.991800084578 0.329684915409 
816.892154968 28.468939369 326.0 1.32593566896 0.783734175719 
821.7374245 38.6634527861 322.0 0.992439454865 0.65428679746 
822.995623907 24.7637900329 320.0 1.33997176997 0.755766994776 
823.843080051 40.6640426649 328.0 1.15020351847 0.754201550252 
824.112927205 41.5885003053 292.0 1.19644290331 0.199664344542 
824.263286647 40.7621428213 270.0 1.21859072025 0.738005758637 
824.795164275 23.6276977063 268.0 1.45752229701 0.73100454353 
825.394197121 31.5369153025 306.0 0.941183988785 0.58539935583 
830.02639102 14.3730830076 328.0 1.37755237188 0.687037557796 
830.786944994 51.4110701921 240.0 1.35104204305 0.164675073723 
836.002570197 22.0593208788 248.0 1.49203521916 0.752476762453 
836.884434868 47.4371562806 326.0 1.02920003477 0.706266288121 
842.272303244 28.247527814 332.0 1.36535903377 0.31972397916 
853.608960511 0.434022989563 262.0 1.45366217308 0.557466671996 
853.859333166 39.9580974993 314.0 0.904188464957 0.604073909147 
856.368948669 37.962270369 288.0 0.981374520678 0.242430577085 
866.674260955 51.0043324492 290.0 1.11436059601 0.143189612827 
870.679045542 20.2794921441 312.0 1.41840178507 0.746578931372 
885.518766173 32.26513709 292.0 1.5 0.4 
896.247996574 47.2455757899 272.0 1.4 0.203528594782 
932.481411399 34.5141670201 314.0 1.48673140121 0.828642181528 
1079.34047594 13.1968272037 378.0 1.79379617957 0.866362778911 
