score_metric draw_metric position_metric var_pow draw_pow 
749.508380038 2.715694438 234.0 1.22641980957 0.455765780258 
723.704210105 7.6439744998 236.0 1.1675781994 0.498939571802 
803.285431338 8.79061773815 236.0 1.36348272622 0.459682244226 
664.144847114 12.8297475497 236.0 1.17804063212 0.584735187529 
750.967577867 30.4336656365 238.0 1.19973976341 0.28165312447 
814.910113382 21.9109980698 240.0 1.21847176241 0.335575329468 
802.932262472 22.1674938337 240.0 1.22424190902 0.62158947925 
830.786944994 51.4110701921 240.0 1.35104204305 0.164675073723 
815.360420336 37.2110354818 242.0 1.12851459396 0.669944476394 
729.981918819 27.1070080592 244.0 1.28468888745 0.381200353899 
1174.55184076 54.42513709 244.0 1.9 0.3 
781.526326137 0.191769081894 246.0 1.28205616604 0.51664762727 
714.624364594 1.61497209294 246.0 1.22435333193 0.471632782073 
734.626047887 7.05404869639 246.0 1.22709903651 0.537213867301 
776.270995569 6.02486291 248.0 1.3 0.6 
759.130258984 14.8882914241 248.0 1.15082191522 0.599697618361 
765.559520352 21.8006465295 248.0 1.19861290306 0.398614733497 
836.002570197 22.0593208788 248.0 1.49203521916 0.752476762453 
877.58402537 17.2711613318 250.0 1.41873139514 0.746929103951 
1565.84487674 69.38513709 250.0 2.3 0.2 
1612.64904872 76.4068856102 250.0 2.39694350637 0.121946834846 
747.56090761 4.04374180583 252.0 1.19523496697 0.443258106455 
786.728239829 5.56750996338 252.0 1.18320345333 0.47698601182 
1068.7408719 14.9811995437 252.0 1.8 0.9 
771.510427128 19.5703881723 252.0 1.15924828754 0.577365693201 
781.450731955 24.2593332727 252.0 1.30089560511 0.411266608304 
868.318408774 25.0139473337 252.0 1.38371155726 0.350120138534 
898.570562383 40.5174485726 252.0 0.904684345829 0.614608857764 
887.62081595 52.7526127488 252.0 1.20154255403 0.137582624121 
1374.05325259 76.07513709 252.0 1.9 0.1 
1632.38577763 78.7140785832 252.0 2.18168544747 0.0865898848941 
766.658015594 25.3036761533 254.0 1.03082713302 0.570053515868 
763.762159008 28.7614679264 254.0 1.16694132909 0.682825422133 
870.691517801 30.7597879572 254.0 1.32792167627 0.787242605539 
917.97410332 66.61486291 254.0 1.1 0.9 
810.663152381 15.8638128427 256.0 0.993127430642 0.521116401798 
778.527409106 34.1251624496 256.0 1.03520147136 0.652743341482 
1059.2771879 61.41486291 256.0 1.3 1.0 
1552.41782335 61.56513709 256.0 2.4 0.3 
850.660242564 8.629929388 258.0 1.14948666397 0.503050944765 
769.204382703 10.6312480268 258.0 1.25609937479 0.622301698398 
767.67060813 13.2930464851 258.0 1.03253845869 0.532881156502 
799.014040939 13.7344530094 258.0 1.18293673657 0.54546885642 
716.521006539 16.4861174343 258.0 1.14705418559 0.405948784569 
763.436943075 18.4134945316 258.0 1.29056115139 0.363684764376 
788.355362223 22.2103060931 258.0 1.27480556825 0.703918725951 
871.424985013 25.7421523152 258.0 1.30541937971 0.387079114273 
868.725621184 30.8567403259 258.0 1.38006000612 0.802522027 
711.464961025 4.06468895839 260.0 1.1971302767 0.541361063559 
720.011340779 4.13306747337 260.0 1.187046135 0.433114489092 
686.283857726 11.5689098923 260.0 1.16852958009 0.522696722077 
740.953945345 19.5151084198 260.0 1.12872670511 0.600482796784 
769.471550211 20.4560946278 260.0 1.15239327246 0.323778425973 
777.453698786 20.7307161412 260.0 0.943756158768 0.53311600759 
857.840325364 29.1391296427 260.0 1.36346141007 0.319444377271 
918.62631934 41.2194593085 260.0 1.4311099395 0.244928096438 
853.608960511 0.434022989563 262.0 1.45366217308 0.557466671996 
721.4825405 1.23853646071 262.0 1.14278649631 0.445352850385 
966.416030719 1.32573114941 262.0 1.7 0.7 
767.447583751 22.0775665471 262.0 1.18514154669 0.585585125073 
861.990325102 32.4078826835 262.0 1.13734116267 0.31239029968 
806.077069445 0.165707976378 264.0 1.20016136852 0.509926716662 
809.099143694 1.47828328944 264.0 1.26341239285 0.491559474772 
760.00441951 14.689713974 264.0 1.15811030145 0.595305979879 
912.788203563 15.2195310064 264.0 1.4573593627 0.439802789521 
812.801485968 28.5188003862 264.0 1.06924218443 0.63447465414 
849.468391815 8.54127289464 266.0 1.43416799161 0.691411547835 
838.979256932 15.1516423379 266.0 1.25246615229 0.439319213254 
797.066486984 16.0068108785 266.0 1.12580238579 0.395783667796 
811.12973899 17.2521647898 266.0 1.15619261234 0.380506175364 
1315.06595379 21.00513709 266.0 2.2 0.7 
885.652698599 24.4547720834 266.0 1.44719416838 0.366885692195 
845.681698414 26.510158052 266.0 1.26286720465 0.318708852655 
1428.11974281 59.8313878664 266.0 0.760483192012 0.071761069787 
757.381038732 0.213181157068 268.0 1.02772230371 0.419259519974 
756.899800199 2.08120462183 268.0 1.2165661314 0.487868250444 
740.711406875 10.5105010804 268.0 1.13362630184 0.509274158266 
847.119506536 12.1693183555 268.0 1.4 0.7 
773.844509472 16.9807751505 268.0 1.11444637797 0.537352546656 
824.795164275 23.6276977063 268.0 1.45752229701 0.73100454353 
1015.86734152 32.8109625569 268.0 1.48667786531 0.828640630771 
1140.97930359 62.9494935256 268.0 1.7 0.2 
754.252014505 12.4337742548 270.0 1.20640156908 0.555030388498 
799.448058376 28.849684305 270.0 1.26932832879 0.366518694657 
825.539583957 30.2070828563 270.0 1.25786749342 0.3484707398 
824.263286647 40.7621428213 270.0 1.21859072025 0.738005758637 
801.484467381 0.425395671965 272.0 1.1925038912 0.495267689638 
783.224580791 1.58635376223 272.0 1.04972447952 0.419210522219 
839.996645896 1.99087214154 272.0 1.28269179645 0.542882651515 
690.363710845 7.12382857828 272.0 1.10148964331 0.481441442546 
842.198716643 9.37451637007 272.0 1.20163317011 0.403456285088 
786.037211253 30.5764449899 272.0 1.13886676816 0.674823566776 
830.843664142 40.8306816445 272.0 1.3 0.3 
771.454634324 41.4550218591 272.0 1.0254693065 0.63658909921 
970.095208149 42.9728968919 272.0 1.59721582337 0.347311407999 
809.349637905 43.4311400401 272.0 1.26477380286 0.270084464563 
786.453482697 46.9964786189 272.0 1.09649796077 0.228075238775 
896.247996574 47.2455757899 272.0 1.4 0.203528594782 
742.383855798 1.73646694877 274.0 1.21914442853 0.549367883427 
732.668481587 1.89361173354 274.0 1.08423578379 0.431439175227 
1171.73438394 14.7389582071 274.0 1.79633341655 0.863447124062 
747.258968003 15.9389424677 274.0 1.16487120538 0.55407558837 
707.103730416 19.4476956846 274.0 1.09851967747 0.60469516271 
783.144164711 21.9079494036 274.0 1.16866222067 0.643789990408 
824.352304059 26.73365082 274.0 1.34260768693 0.763068074949 
1077.91738093 37.37486291 274.0 1.6 1.0 
848.963981107 47.1277179745 274.0 1.02940408878 0.70714628521 
919.994304638 50.7757693002 274.0 1.11445250492 0.143213108431 
825.162725573 4.66433039629 276.0 1.22343924931 0.437059917936 
826.916747595 18.8867198832 276.0 1.18150897535 0.580533388271 
808.792363721 19.54486291 276.0 1.3 0.7 
860.926600714 28.7781726237 276.0 1.25334132561 0.304614109763 
1259.0869501 67.8970300578 276.0 1.54553328531 0.0634476342303 
1778.39749485 140.68486291 276.0 1.0 1.3 
701.595533162 1.3989645269 278.0 1.13370759171 0.484369387082 
771.212701493 12.7557667154 278.0 1.10558147336 0.509741939785 
1261.7623153 25.72513709 278.0 2.0 0.6 
766.924359251 31.1646380351 278.0 1.06519318336 0.648318383113 
877.52149185 44.1577679214 278.0 0.983865356425 0.622913301714 
1057.16264297 65.6315475302 278.0 0.864327421209 0.725929750772 
1588.52683614 10.3575563249 280.0 0.672441145887 0.261043408679 
766.979067957 15.0654736256 280.0 1.19921892085 0.434772763118 
813.816893078 19.8157484667 280.0 1.05127837538 0.356440504243 
2188.71243255 146.70486291 280.0 1.3 1.7 
738.749064998 7.08735405188 282.0 1.24462414189 0.535329144073 
802.681929158 17.1941434207 282.0 1.16177205952 0.406402939171 
782.029800872 7.19005454669 284.0 1.06303629309 0.509336300874 
769.49953107 24.6139658167 284.0 1.1369236658 0.353609494799 
1295.6266795 65.3049460455 284.0 2.01028633957 0.214269830952 
772.780782419 3.71948598301 286.0 1.12701917485 0.413960258706 
836.35966844 7.50158169447 288.0 0.956434193623 0.362941542383 
925.097370755 30.7008289352 288.0 0.944743620562 0.585942086248 
781.728254866 26.5310288549 290.0 1.13158520027 0.612545373147 
836.607788916 40.961436256 290.0 1.15029148208 0.754176897349 
711.472761378 9.10508925319 292.0 1.09819523042 0.427359982388 
810.352863034 14.4704686285 294.0 1.07753376527 0.346276657858 
862.503380938 28.7322519876 294.0 1.00398254929 0.603904606935 
865.971751381 22.8323968545 296.0 0.991831086918 0.329596333299 
820.390797713 21.2226503525 298.0 1.17448774795 0.65336503637 
770.197353061 11.1106303704 304.0 1.08016806965 0.550317607377 
