10 161.072 80.138 80.934
11 221.384 103.558 105.432
12 278.792 123.704 128.2
13 355.192 150.24 156.802
14 438.008 181.048 182.158
15 524.288 207.052 203.86
16 637.288 241.3 241.286
17 763.276 280.856 279.508
18 902.14 309.202 327.242
19 1052.608 360.412 356.444
20 1235.736 397.58 410.37
21 1390.16 432.85 439.678
22 1618.616 517.266 493.762
23 1831.2 557.028 545.692
24 2089.112 595.628 632.32
25 2358.156 677.208 688.78
26 2660.16 750.99 736.684
27 2921.404 777.666 789.194
28 3218.348 833.92 835.028
29 3553.172 902.746 908.65
30 3989.372 965.372 985.376
31 4373.9 1032.038 1024.218
32 4642.68 1076.936 1028.94
33 5094.576 1142.164 1150.954
34 5619.992 1220.922 1225.396
35 6010.808 1261.598 1265.65
36 6549.012 1310.856 1328.394
37 7008.452 1425.97 1389.0
38 7597.96 1485.834 1479.408
39 8102.46 1438.796 1524.75
40 8701.78 1527.922 1616.306
41 9203.7 1582.37 1588.006
42 9753.22 1644.03 1710.902
43 10502.376 1717.082 1723.718
44 11124.572 1795.92 1801.238
45 11836.484 1861.91 1817.508
46 12454.52 1878.532 1916.428
47 13171.48 1980.114 1974.55
48 13755.176 2027.184 1986.702
49 14538.308 2053.396 2074.762
50 15497.948 2186.788 2156.408
51 16144.46 2126.066 2143.628
52 16819.456 2222.95 2272.25
53 17669.44 2194.278 2266.222
54 18481.788 2154.438 2249.43
55 19212.116 2303.418 2284.348
56 20138.44 2364.406 2384.864
57 20771.356 2324.074 2281.32
58 21654.344 2445.586 2334.91
59 22698.792 2425.148 2405.646
60 23407.732 2270.448 2419.646
61 24960.292 2481.026 2499.156
62 25155.664 2321.386 2499.506
63 26117.344 2431.488 2316.4
64 27106.896 2483.312 2592.052
65 27573.632 2420.262 2501.414
66 29041.484 2532.132 2610.792
67 29550.7 2494.89 2636.92
68 30716.064 2454.42 2544.038
69 31825.252 2496.866 2639.696
70 32512.092 2487.17 2621.722
71 33470.204 2556.456 2510.372
72 34002.66 2505.312 2451.564
73 35812.112 2396.336 2525.638
74 35875.172 2256.868 2562.936
75 36933.596 2452.562 2618.924
76 37983.008 2468.974 2435.45
77 38840.184 2369.09 2689.28
78 39787.94 2471.964 2531.476
79 40405.244 2391.576 2609.914
80 40939.796 2316.046 2557.156
81 41705.112 2327.652 2452.18
82 42892.48 2358.95 2383.594
83 44019.452 2271.224 2390.202
84 45253.064 2297.818 2607.966
85 45995.176 2340.576 2461.004
86 46259.432 2200.094 2469.608
87 46962.392 2229.254 2391.968
88 47523.012 2014.248 2236.818
89 48828.42 2026.346 2259.174
90 49384.444 2128.572 2318.568
91 50199.408 2022.06 2178.908
92 50909.148 1976.8 2337.418
93 51143.948 1892.262 2322.578
94 52037.28 2081.112 2413.246
95 52354.892 1891.052 2169.424
96 53115.052 1895.566 2290.898
97 53887.06 1965.11 2088.524
98 54842.36 1921.186 2185.78
99 54748.532 1856.054 2086.542
100 56026.044 1828.374 2151.312
