10 164.196 80.57 83.626
11 221.204 103.958 105.786
12 281.644 129.398 126.238
13 344.628 147.774 151.874
14 425.916 175.006 178.15
15 523.312 209.422 207.502
16 632.98 242.26 244.998
17 763.716 278.622 284.21
18 883.16 310.584 313.156
19 1047.868 351.222 364.298
20 1221.164 401.012 404.27
21 1387.156 442.684 435.998
22 1601.264 484.686 509.004
23 1845.04 558.758 553.178
24 2080.732 629.388 600.056
25 2336.248 666.614 667.968
26 2568.7 711.34 687.442
27 2881.616 755.98 747.258
28 3207.8 836.308 813.754
29 3558.304 900.73 884.054
30 3838.104 919.034 943.982
31 4214.74 994.062 996.51
32 4572.304 1042.358 1012.21
33 5058.76 1103.37 1099.474
34 5454.912 1164.168 1123.338
35 5851.556 1213.94 1196.256
36 6379.128 1262.64 1281.956
37 6756.056 1346.61 1297.57
38 7431.864 1446.474 1356.55
39 7749.38 1380.718 1469.418
40 8398.196 1492.204 1454.866
41 8854.512 1595.35 1519.87
42 9411.44 1546.692 1610.278
43 10001.196 1588.966 1626.144
44 10642.868 1675.512 1671.944
45 11147.148 1676.59 1707.728
46 11915.356 1867.068 1778.988
47 12437.42 1785.384 1851.4
48 13157.644 1843.034 1772.164
49 13681.076 1883.034 1792.286
50 14550.04 1915.102 2011.156
51 15373.832 1956.448 1916.364
52 15800.216 1981.516 1952.926
53 16514.804 1914.3 1978.208
54 17421.344 2057.728 2020.528
55 18151.868 2152.964 2088.58
56 18762.848 2095.17 2011.232
57 19095.332 1977.292 2148.316
58 20430.012 2227.81 2090.014
59 20852.92 2067.766 2115.512
60 21919.988 2120.534 2227.124
61 22551.968 2022.976 2179.548
62 23174.048 2180.452 1982.924
63 24119.344 2087.694 2068.94
64 24913.492 2118.908 2159.328
65 25506.572 2096.582 2146.756
66 26360.764 2141.28 2125.508
67 27191.272 2145.542 2166.996
68 27984.004 2225.04 2123.116
69 28519.24 2042.082 2182.418
70 29580.356 2150.862 2347.99
71 29914.756 2062.476 2254.756
72 30951.676 2020.836 2129.074
73 31851.648 2041.592 2180.098
74 32473.34 2091.794 2114.658
75 33378.052 2019.484 2145.952
76 33990.944 2043.288 2157.412
77 34712.304 1949.666 2099.614
78 34991.128 1993.884 2028.292
79 35983.74 1839.164 2117.53
80 36887.928 1962.532 2049.108
81 37985.808 1985.496 2125.978
82 37961.16 1799.73 2038.62
83 38636.748 1908.03 2000.154
84 39134.816 1848.004 1905.58
85 39735.388 1823.89 1922.762
86 40545.628 1686.784 1963.286
87 41605.04 1747.368 2085.302
88 40946.684 1736.39 1837.63
89 41868.36 1670.496 1890.78
90 42290.984 1526.024 2008.888
91 43211.14 1561.928 1918.586
92 43175.116 1502.6 1936.484
93 43673.248 1460.67 1848.458
94 44228.044 1485.268 1848.584
95 45196.732 1516.462 1819.182
96 45668.872 1353.564 1761.874
97 45852.376 1464.962 1793.092
98 46467.312 1439.678 1762.482
99 46577.496 1425.504 1703.536
100 46749.56 1275.95 1746.89
