10 168.896 86.296 82.6
11 220.452 107.65 102.594
12 277.752 131.026 123.174
13 349.672 155.8 149.89
14 432.32 185.246 180.2
15 509.528 208.188 201.47
16 630.708 242.54 246.498
17 761.172 281.388 285.75
18 870.848 317.162 310.184
19 1036.412 360.26 361.938
20 1216.108 406.22 421.762
21 1387.676 456.778 454.99
22 1639.28 513.916 530.744
23 1871.272 587.56 570.94
24 2101.132 620.364 621.524
25 2365.952 674.87 687.82
26 2650.504 744.374 721.972
27 2968.768 791.572 797.03
28 3184.612 820.648 844.482
29 3612.496 910.842 915.994
30 3985.988 1017.926 983.564
31 4311.308 1038.416 1032.598
32 4719.028 1110.006 1108.4
33 5156.484 1154.3 1128.646
34 5552.32 1230.916 1231.814
35 6001.22 1286.176 1291.984
36 6441.468 1320.854 1293.4
37 6872.312 1435.268 1420.032
38 7525.532 1561.87 1523.464
39 7962.316 1575.494 1490.106
40 8532.34 1624.964 1532.05
41 9123.656 1661.268 1663.852
42 9430.088 1657.44 1646.332
43 10221.356 1856.974 1731.816
44 10723.696 1911.406 1788.848
45 11549.064 1988.912 1899.3
46 12136.764 1955.948 1987.028
47 12676.292 2048.356 1996.712
48 13541.04 2135.552 2027.088
49 14024.412 2158.612 1976.516
50 14681.912 2213.522 2126.478
51 15525.84 2260.1 2166.198
52 16091.24 2334.544 2207.098
53 16804.388 2371.724 2264.998
54 17232.456 2453.504 2300.024
55 18343.632 2434.294 2405.15
56 19001.128 2500.788 2338.1
57 19716.376 2456.306 2363.934
58 20845.064 2644.744 2452.338
59 21037.364 2521.216 2423.974
60 22003.204 2605.254 2530.082
61 22720.756 2649.958 2426.584
62 23723.58 2710.196 2611.372
63 24202.376 2594.962 2543.9
64 24997.304 2710.748 2493.472
65 25902.828 2825.58 2548.97
66 26446.184 2712.098 2609.308
67 26902.94 2807.746 2492.158
68 27875.736 2897.052 2471.432
69 28856.38 2896.878 2599.66
70 29252.74 2977.518 2596.634
71 29945.4 2743.062 2520.468
72 31066.78 2946.896 2558.336
73 31037.808 2967.778 2442.022
74 32444.84 2917.486 2563.148
75 32509.408 2859.586 2545.172
76 33490.304 2740.732 2705.69
77 33979.512 2861.716 2484.556
78 34401.852 2630.75 2556.392
79 35787.532 2851.302 2541.692
80 36016.324 2873.31 2601.766
81 36272.632 2705.77 2304.746
82 37127.808 2886.938 2474.998
83 38162.96 2807.47 2468.854
84 38080.784 2668.984 2361.69
85 39081.612 2736.872 2428.452
86 38628.66 2614.318 2332.166
87 40125.988 2822.686 2232.976
88 40163.616 2624.22 2315.93
89 41008.696 2845.466 2366.494
90 41553.632 2747.754 2248.9
91 41643.108 2805.88 2137.422
92 42349.792 2722.0 2083.246
93 42488.272 2604.958 2158.06
94 44133.744 2636.388 2114.812
95 43444.148 2656.546 1982.872
96 44240.672 2652.534 2123.368
97 43958.104 2654.476 1875.7
98 45129.832 2530.65 2064.81
99 45693.32 2551.008 1954.314
100 45181.668 2551.914 1804.934
