10 164.124 82.326 81.798
11 213.512 102.772 99.814
12 277.476 127.57 125.972
13 336.94 147.344 145.586
14 433.836 183.398 179.612
15 524.268 214.95 209.216
16 628.196 242.508 243.328
17 754.68 280.008 284.168
18 889.74 317.77 317.214
19 1032.628 360.43 363.594
20 1203.324 400.536 407.88
21 1396.18 453.916 459.012
22 1608.2 512.24 510.85
23 1776.772 540.21 534.338
24 2034.324 595.782 612.276
25 2289.312 656.444 660.16
26 2522.328 709.41 698.106
27 2811.256 773.724 736.562
28 3086.572 789.004 812.762
29 3362.588 827.72 841.378
30 3745.404 915.552 899.206
31 4050.36 949.648 927.724
32 4412.876 1011.696 1000.78
33 4804.632 1071.486 1074.986
34 5240.528 1147.862 1131.024
35 5610.396 1182.742 1173.06
36 6011.388 1212.584 1256.774
37 6473.404 1303.3 1301.852
38 6912.052 1333.338 1284.568
39 7341.44 1352.0 1414.952
40 7897.096 1485.428 1398.28
41 8407.612 1510.172 1513.542
42 8935.228 1570.048 1565.848
43 9468.696 1632.658 1577.668
44 9948.82 1639.864 1580.992
45 10578.824 1676.728 1794.062
46 11111.14 1770.948 1724.56
47 11518.296 1752.626 1745.096
48 12158.828 1843.226 1802.822
49 12758.792 1929.862 1858.444
50 13393.064 1952.544 1889.512
51 14120.868 1983.504 1876.802
52 14368.108 1959.516 1966.128
53 15337.616 2020.604 1990.722
54 15713.16 2030.658 1936.298
55 16053.436 2000.638 1922.66
56 16825.336 2104.212 2015.08
57 17358.78 2070.116 1993.162
58 17978.884 2156.478 1969.038
59 18795.92 2146.8 2010.884
60 19225.364 2085.992 2178.85
61 20141.188 2061.288 2161.276
62 20188.636 2128.698 2166.248
63 21062.42 2234.99 2041.034
64 21952.728 2326.3 2050.174
65 21830.376 2171.326 1979.286
66 22706.428 2230.724 2166.038
67 23412.588 2172.44 2138.966
68 23640.488 2254.108 2023.334
69 24302.368 2208.388 2187.024
70 24668.672 2168.92 2072.82
71 25408.216 2169.228 2039.582
72 26159.64 2228.328 2059.346
73 26757.216 2176.626 2080.59
74 27170.296 2214.914 1986.996
75 27099.456 2330.336 1962.714
76 27958.24 2221.152 1936.616
77 28781.08 2255.496 2009.438
78 28960.78 2342.992 1811.998
79 28986.576 2136.536 1854.648
80 29558.036 2198.982 1861.072
81 30078.804 2315.676 1761.326
82 30267.456 2009.842 1796.222
83 30964.44 2027.574 1840.794
84 31417.844 2232.784 1764.952
85 31398.236 2063.14 1732.338
86 31449.436 2032.94 1709.336
87 32102.064 2062.73 1693.318
88 32765.424 2028.96 1689.126
89 32826.716 2038.472 1620.8
90 33020.324 1892.71 1590.638
91 33144.896 2089.608 1513.01
92 33665.068 1869.364 1588.99
93 34082.336 1917.424 1438.95
94 34008.744 1957.9 1442.91
95 34415.16 1839.038 1452.746
96 34566.672 1916.382 1461.818
97 34916.916 1995.912 1516.67
98 35116.524 1896.674 1257.318
99 35526.916 1783.664 1413.996
100 35625.844 1961.172 1262.074
