2 1.314 1.314 1.314
3 4.52 2.587 2.907
4 10.814 5.165 5.649
5 21.186 9.071 9.299
6 37.298 14.332 14.336
7 58.358 20.74 19.868
8 86.718 27.848 26.875
9 124.962 35.92 36.53
10 167.822 46.231 45.735
11 217.056 56.15 56.75
12 282.778 69.213 68.713
13 352.698 83.942 79.962
14 437.284 94.772 95.426
15 531.916 108.924 108.444
16 634.588 124.362 123.553
17 762.614 141.022 138.066
18 904.492 163.341 156.44
19 1063.784 175.543 177.749
20 1223.362 187.222 192.295
21 1412.492 216.444 206.665
22 1628.098 238.889 236.493
23 1838.522 261.764 271.51
24 2091.994 293.158 280.724
25 2341.826 316.344 301.31
26 2631.584 348.749 348.419
27 2919.622 356.407 361.349
28 3214.11 378.886 380.422
29 3613.582 428.37 411.154
30 3908.026 445.027 415.541
