2 1.31 1.31 1.31
3 4.42 2.533 2.761
4 10.22 4.924 5.296
5 21.288 8.805 9.565
6 36.414 14.056 14.198
7 57.512 20.819 19.986
8 86.262 27.955 27.516
9 121.186 35.202 34.997
10 167.07 46.89 45.787
11 217.002 56.7 54.24
12 281.548 70.235 68.401
13 348.94 82.872 81.781
14 437.48 96.694 95.448
15 537.296 113.673 113.125
16 647.044 130.445 125.658
17 772.132 144.651 141.532
18 919.974 165.178 167.841
19 1067.57 174.563 175.707
20 1265.608 207.962 207.001
21 1437.554 217.142 221.565
22 1647.454 249.19 246.321
23 1886.034 281.349 272.199
24 2145.264 300.713 302.493
25 2381.618 321.204 318.126
26 2682.304 354.846 343.941
27 2986.696 380.51 360.593
28 3359.274 402.996 418.765
29 3678.922 423.201 425.026
30 4048.556 469.1 434.794
