0 0.0 0.0 0.0
1 0.0 0.0 0.0
2 1.28 0.0 0.0
3 3.8 0.0 0.0
4 9.54 0.0 0.0
5 19.52 0.0 0.0
6 34.52 0.0 0.0
7 53.76 0.0 0.0
8 86.0 0.0 0.0
9 119.32 0.0 0.0
10 160.46 0.0 0.0
11 211.4 0.0 0.0
12 275.92 0.0 0.0
13 363.18 0.0 0.0
14 425.68 0.0 0.0
15 515.72 0.0 0.0
16 634.32 0.0 0.0
17 754.68 0.0 0.0
18 912.28 0.0 0.0
19 1068.3 0.0 0.0
20 1220.58 0.0 0.0
21 1413.78 0.0 0.0
22 1639.72 0.0 0.0
23 1806.86 0.0 0.0
24 1902.28 0.0 0.0
25 2225.5 0.0 0.0
26 2582.0 0.0 0.0
27 2817.3 0.0 0.0
28 2998.12 0.0 0.0
29 3442.32 0.0 0.0
30 3814.72 0.0 0.0
