2 1.21333333333 1.21333333333 1.21333333333
3 4.5 2.59666666667 2.76
4 10.1533333333 4.76666666667 5.38666666667
5 20.16 8.75333333333 8.48666666667
6 37.5466666667 13.7566666667 14.53
7 58.4666666667 20.0733333333 20.44
8 88.62 27.23 28.4466666667
9 124.78 36.1466666667 36.97
10 166.373333333 47.6533333333 45.4
11 211.54 56.5766666667 53.0233333333
12 283.746666667 71.6566666667 66.81
13 352.76 82.4966666667 83.2333333333
14 436.886666667 96.9566666667 85.3433333333
15 523.68 100.04 110.2
16 624.166666667 117.846666667 117.8
17 742.793333333 132.09 135.803333333
18 892.92 151.196666667 162.293333333
19 1062.76666667 172.116666667 174.406666667
20 1213.57333333 190.97 191.113333333
21 1389.88 215.61 200.163333333
22 1604.29333333 259.37 239.696666667
23 1868.77333333 270.446666667 269.836666667
24 2047.17333333 291.8 278.36
25 2323.70666667 308.27 296.736666667
26 2628.8 342.3 338.883333333
27 2944.95333333 385.22 355.193333333
28 3222.06 420.423333333 385.23
29 3548.24666667 405.15 413.1
30 4006.61333333 408.26 453.87
