2 1.4 1.4 1.4
3 4.24666666667 2.35 2.75333333333
4 10.88 5.25666666667 5.62333333333
5 20.2933333333 8.68666666667 8.92666666667
6 35.48 13.4566666667 13.4966666667
7 56.32 19.2133333333 19.0033333333
8 89.54 30.1166666667 28.4133333333
9 127.54 37.5033333333 38.8433333333
10 170.873333333 48.0733333333 48.0666666667
11 219.966666667 58.53 59.53
12 272.073333333 64.79 65.9866666667
13 353.893333333 79.22 81.2433333333
14 440.526666667 99.25 100.4
15 531.613333333 110.823333333 102.73
16 645.193333333 131.3 124.386666667
17 767.726666667 148.043333333 138.973333333
18 912.36 171.66 166.673333333
19 1068.21333333 185.283333333 172.84
20 1248.85333333 206.503333333 203.26
21 1479.02 236.343333333 230.076666667
22 1651.37333333 254.23 242.793333333
23 1898.38666667 274.323333333 305.41
24 2124.56666667 280.206666667 289.593333333
25 2371.32666667 318.423333333 317.4
26 2676.12 363.306666667 370.196666667
27 3013.84 392.39 340.223333333
28 3331.3 408.48 386.896666667
29 3662.18666667 443.97 447.333333333
30 4038.02666667 454.763333333 444.096666667
