2 1.22 1.22 1.22
3 4.63333333333 2.70333333333 2.5
4 9.96666666667 5.09 4.87666666667
5 18.5333333333 8.49333333333 8.08
6 34.5666666667 13.6266666667 14.34
7 54.7533333333 20.34 21.1433333333
8 81.5866666667 28.54 28.4266666667
9 117.693333333 36.6666666667 36.6566666667
10 158.413333333 49.3633333333 43.11
11 209.04 57.41 57.2566666667
12 266.9 69.8366666667 66.76
13 340.26 80.3033333333 80.52
14 432.406666667 100.803333333 104.946666667
15 517.106666667 114.2 113.49
16 633.013333333 132.196666667 128.283333333
17 765.733333333 144.11 162.35
18 906.426666667 174.27 167.36
19 1040.28666667 178.29 178.06
20 1245.58666667 217.753333333 205.15
21 1390.13333333 234.526666667 217.016666667
22 1621.77333333 247.193333333 265.93
23 1886.98 289.293333333 295.486666667
24 2138.69333333 298.313333333 293.833333333
25 2363.54666667 318.643333333 337.19
26 2632.39333333 320.236666667 347.16
27 2987.47333333 372.473333333 375.273333333
28 3310.41333333 425.49 415.52
29 3626.97333333 426.926666667 454.343333333
30 4075.22 507.766666667 458.846666667
